0 4532 1511 3087
1 4532 1511 3087
2 4532 1511 3087
3 4532 1511 3087
4 4532 1511 3087
5 4532 1511 3087
6 4532 1511 3087
7 4532 1511 3087
8 4532 1511 3087
9 4532 1511 3087
10 4532 1511 3087
11 4532 1511 3087
12 4532 1511 3087
13 4532 1511 3087
14 4532 1511 3087
15 4532 1511 3087
16 4532 1511 3087
17 4532 1511 3087
18 4532 1511 3087
19 4532 1511 3087
20 4532 1511 3087
21 4532 1511 3087
22 4495 3087 1511
23 4532 1511 3087
24 4443 3259 3365
25 4443 3259 3365
26 4532 1511 3087
27 4443 3259 3365
28 4532 1511 3087
29 4532 1511 3087
30 4532 1511 3087
31 4532 1511 3087
32 4443 3259 3365
33 4495 3087 1511
34 4443 4419 3259
35 4443 4419 3259
36 4443 4419 3259
37 4443 4419 3259
38 3256 3282 3251
39 3256 3282 3251
40 4443 3259 3365
41 3256 3282 3251
42 3256 3282 3251
43 4741 4627 1594
44 1605 3938 1573
45 1605 3938 1573
46 4741 4627 1594
47 1605 3938 1573
48 1605 3938 1573
49 4718 4725 4717
50 4718 4741 1609
51 4718 4741 1609
52 4718 4725 4717
53 4718 4725 4717
54 4718 4725 4717
55 4718 4741 1609
56 4718 4725 4717
57 4741 4627 1594
58 3914 3916 4613
59 3914 3916 4613
60 3914 3916 4613
61 3914 3916 4613
62 3914 3916 4613
63 3914 3916 4613
64 3916 4635 4613
65 3916 4635 4613
66 3916 4635 4613
67 3914 3916 4613
68 3916 4635 4613
69 3916 4635 4613
70 3916 4635 4613
71 3916 4635 4613
72 3914 3916 4613
73 3916 4635 4613
74 3914 3916 4613
75 3914 3916 4613
76 3916 4635 4613
77 3914 3916 4613
78 3914 3916 4613
79 3914 3916 4613
80 3914 3916 4613
81 3914 3916 4613
82 3914 3916 4613
83 3914 1605 3916
84 3914 1605 3916
85 3914 1605 3916
86 3914 1605 3916
87 1573 3916 1605
88 1573 3916 1605
89 3914 1605 3916
90 1573 3916 1605
91 3914 1605 3916
92 3914 1605 3916
93 3914 3916 4613
94 3914 1605 3916
95 3914 3916 4613
96 3914 3916 4613
97 3914 3916 4613
98 3914 3916 4613
99 1607 1609 1543
100 1609 1615 4718
101 1609 1615 4718
102 1607 1609 1543
103 1609 1615 4718
104 1607 1609 1543
105 1543 1594 1588
106 1543 1594 1588
107 1543 1594 1588
108 1543 1594 1588
109 1573 3916 1605
110 1607 1609 1543
111 1607 1609 1543
112 1543 1594 1588
113 1609 1615 4718
114 1609 1615 4718
115 1613 1615 1607
116 1613 1615 1607
117 1613 1615 1607
118 1607 1609 1543
119 1543 1594 1588
120 1609 1615 4718
121 1573 3916 1605
122 3914 1605 3916
123 1573 3916 1605
124 3914 1605 3916
125 1613 1615 1607
126 3285 4696 1615
127 3285 4696 1615
128 3259 4426 3285
129 3259 4426 3285
130 3259 4426 3285
131 3285 4696 1615
132 1613 1615 1607
133 3259 4426 3285
134 3259 4426 3285
135 3285 4696 1615
136 3285 4696 1615
137 3285 4696 1615
138 3259 4426 3285
139 3256 3282 3251
140 3256 3282 3251
141 4627 4613 4635
142 3916 4635 4613
143 3916 4635 4613
144 4627 4613 4635
145 4627 4613 4635
146 1605 3938 1573
147 4627 4613 4635
148 1605 3938 1573
149 1605 3938 1573
150 1605 3938 1573
151 4741 4627 1594
152 1605 3938 1573
153 4741 4627 1594
154 4718 4741 1609
155 4718 4741 1609
156 1605 3938 1573
157 4741 4627 1594
158 1605 3938 1573
159 1605 3938 1573
160 4627 4613 4635
161 3916 4635 4613
162 3916 4635 4613
163 3916 4635 4613
164 3916 4635 4613
165 3916 4635 4613
166 4627 4613 4635
167 4627 4613 4635
168 3914 1605 3916
169 3914 1605 3916
170 3914 3916 4613
171 4532 1511 3087
172 4532 1511 3087
173 4532 1511 3087
174 4532 1511 3087
175 4532 1511 3087
176 4532 1511 3087
177 4532 1511 3087
178 4532 1511 3087
179 4532 1511 3087
180 4532 1511 3087
181 4696 3285 4426
182 4696 3285 4426
183 4532 1511 3087
184 4696 3285 4426
185 4696 3285 4426
186 4532 1511 3087
187 4696 4695 4725
188 4696 4695 4725
189 4696 3285 4426
190 4532 1511 3087
191 4696 4695 4725
192 4532 1511 3087
193 4696 4695 4725
194 4696 4695 4725
195 4718 4725 4717
196 4532 1511 3087
197 4532 1511 3087
198 4532 1511 3087
199 4532 1511 3087
200 4532 1511 3087
201 4532 1511 3087
202 4532 1511 3087
203 4532 1511 3087
204 4532 1511 3087
205 4532 1511 3087
206 4532 1511 3087
207 4532 1511 3087
208 4532 1511 3087
209 4532 1511 3087
210 4532 1511 3087
211 4532 1511 3087
212 4532 1511 3087
213 4532 1511 3087
214 4718 4725 4717
215 4718 4725 4717
216 4696 4695 4725
217 4718 4725 4717
218 4532 1511 3087
219 3285 4696 1615
220 4532 1511 3087
221 1613 1615 1607
222 4718 4725 4717
223 4718 4725 4717
224 1609 1615 4718
225 1613 1615 1607
226 1607 1609 1543
227 4718 4741 1609
228 4741 4627 1594
229 4718 4725 4717
230 3914 1605 3916
231 1573 3916 1605
232 4532 1511 3087
233 4532 1511 3087
234 4443 3259 3365
235 4532 1511 3087
236 4532 1511 3087
237 4532 1511 3087
238 4443 4419 3259
239 4532 1511 3087
240 4532 1511 3087
241 4532 1511 3087
242 4532 1511 3087
243 4532 1511 3087
244 4532 1511 3087
245 4532 1511 3087
246 4532 1511 3087
247 4532 1511 3087
248 3285 4696 1615
249 1613 1615 1607
250 1607 1609 1543
251 1609 1615 4718
252 1607 1609 1543
253 1594 1609 4741
254 1607 1609 1543
255 1543 1594 1588
256 1543 1594 1588
257 1543 1594 1588
258 1543 1539 1607
259 1573 3916 1605
260 1573 3916 1605
262 4635 1594 4627
263 3914 1605 3916
264 3914 1605 3916
265 3914 1605 3916
266 3914 1605 3916
267 3914 1605 3916
268 3914 1605 3916
269 3914 3916 4613
270 3914 1605 3916
271 3914 3916 4613
272 3914 3916 4613
273 3914 3916 4613
274 3914 3916 4613
275 3914 3916 4613
276 3914 3916 4613
277 3914 3916 4613
278 3914 3916 4613
279 3914 3916 4613
280 3914 3916 4613
281 3914 3916 4613
282 3914 3916 4613
283 3914 3916 4613
284 3914 3916 4613
285 3914 3916 4613
286 3914 3916 4613
287 3916 4635 4613
288 3935 3938 4589
289 3916 4635 4613
290 3916 4635 4613
291 3916 4635 4613
292 3916 4635 4613
293 3935 3938 4589
294 3916 4635 4613
295 3916 4635 4613
296 3916 4635 4613
297 3916 4635 4613
298 3916 4635 4613
299 1605 3938 1573
300 4627 4613 4635
301 4627 4613 4635
302 4627 4613 4635
303 3916 1573 4635
304 1605 3938 1573
305 1605 3938 1573
306 4627 4613 4635
307 1605 3938 1573
308 1605 3938 1573
309 4625 4627 4740
310 1605 3938 1573
311 4741 4627 1594
312 4741 4627 1594
313 4741 4627 1594
314 4741 4627 1594
315 4718 4725 4717
316 4725 4718 1615
317 4718 4725 4717
318 4718 4725 4717
319 4718 4741 1609
320 4718 4741 1609
321 4718 4725 4717
322 4718 4741 1609
323 4718 4725 4717
324 4718 4725 4717
325 4725 4718 1615
326 4696 4695 4725
327 4696 4695 4725
328 4725 1615 4696
329 4696 4695 4725
330 4696 4695 4725
331 4696 3285 4426
332 4696 3285 4426
333 4696 3285 4426
334 4426 4403 4696
335 4426 4403 4696
336 4426 4403 4696
337 4426 3259 4419
338 1511 4526 4495
339 4426 3259 4419
340 1511 4526 4495
341 3256 3365 3259
342 1511 4526 4495
343 1511 4526 4495
344 1511 4526 4495
345 1511 4526 4495
346 1511 4526 4495
347 1511 4526 4495
348 1511 4526 4495
349 1511 4526 4495
350 1511 4526 4495
351 1511 4526 4495
352 1511 4526 4495
353 1511 4526 4495
354 1511 4526 4495
355 1511 4526 4495
356 1511 4526 4495
357 1511 4526 4495
358 4532 1511 3087
359 1511 4526 4495
360 1511 4526 4495
361 1511 4526 4495
362 4495 3087 1511
363 4495 3087 1511
364 4495 3087 1511
365 4495 3087 1511
366 4495 3087 1511
367 4495 3087 1511
368 4495 3087 1511
369 4495 3087 1511
370 4495 3087 1511
371 1609 1615 4718
372 1609 1615 4718
373 1609 1615 4718
374 1613 1615 1607
375 1613 1615 1607
376 1613 1615 1607
377 1613 3282 1615
378 3285 4696 1615
379 3285 4696 1615
380 3285 4696 1615
381 3259 4426 3285
382 3259 4426 3285
383 3259 4426 3285
384 3259 4426 3285
385 4443 4419 3259
386 3256 3282 3251
387 3256 3282 3251
388 3256 3282 3251
389 3256 3282 3251
390 4443 4419 3259
391 4443 4419 3259
392 4443 4419 3259
393 4443 3259 3365
394 4443 3259 3365
395 4443 3259 3365
396 4495 3087 1511
397 4495 3087 1511
398 3329 3327 4430
399 3329 3327 4430
400 3329 3327 4430
401 3365 3329 4443
402 3365 3329 4443
403 3329 3327 4430
404 3365 3329 4443
405 739 415 741
406 739 415 741
407 739 415 741
408 739 415 741
409 739 415 741
410 739 415 741
411 739 415 741
412 739 415 741
413 739 415 741
414 415 428 701
416 415 739 428
417 415 739 428
418 741 415 706
419 739 415 741
420 415 739 428
421 415 739 428
422 431 423 434
424 415 428 701
425 431 423 434
426 415 428 701
427 415 428 701
429 428 434 423
432 434 435 431
433 430 431 435
437 430 435 436
438 430 435 436
439 436 441 442
440 441 436 435
443 436 441 442
444 436 441 442
445 436 441 442
446 447 442 441
448 455 501 473
449 442 455 512
450 547 455 447
451 547 455 447
452 436 442 536
453 436 441 442
454 547 455 447
456 473 512 455
457 512 536 442
458 442 455 512
459 442 455 512
460 512 536 442
461 436 442 536
462 478 473 501
463 472 516 473
464 455 501 473
465 455 501 473
466 455 501 473
467 455 501 473
468 491 472 478
469 472 491 504
470 473 478 472
471 473 478 472
474 478 473 501
475 478 473 501
476 2062 504 491
477 2062 504 491
479 478 1149 491
480 478 473 501
481 478 1149 491
482 483 2052 1066
484 483 508 504
485 504 2062 483
486 483 508 504
487 483 508 504
488 2052 483 2062
489 2052 483 2062
490 2052 483 2062
492 478 473 501
493 478 473 501
494 455 501 473
495 501 3969 478
496 455 501 473
497 501 3969 478
498 455 501 473
499 455 501 473
500 455 501 473
502 455 501 473
503 547 455 447
505 472 516 473
506 504 513 472
507 512 473 516
509 508 518 513
510 518 508 1048
511 508 518 513
514 517 513 518
515 517 513 518
519 518 1051 517
520 436 442 536
521 436 441 442
522 430 436 530
523 430 436 530
524 536 530 436
525 436 442 536
526 536 530 436
527 536 530 436
528 629 431 530
529 629 431 530
531 629 431 530
532 536 530 436
533 1052 1067 536
534 1052 1067 536
535 530 1067 629
537 1056 517 1051
538 430 436 530
539 629 431 530
540 430 530 431
541 430 436 530
542 430 436 530
543 430 530 431
544 547 455 447
545 547 455 447
546 447 3682 547
548 447 3682 547
549 447 3682 547
550 441 3677 447
551 441 3677 447
552 447 3682 547
553 447 3682 547
554 547 455 447
555 547 455 447
556 447 3682 547
557 447 3682 547
558 547 455 447
559 501 3969 478
560 447 3682 547
561 447 3682 547
562 501 3969 478
563 501 3969 478
564 501 3969 478
565 3969 3611 1156
566 501 3969 478
567 3611 547 3682
568 501 3969 478
569 3611 547 3682
570 447 3682 547
571 447 3682 547
572 501 3969 478
573 3611 547 3682
574 447 3682 547
575 447 3682 547
576 447 3682 547
577 447 3682 547
578 447 3682 547
579 447 3682 547
580 447 3682 547
581 447 3682 547
582 447 3682 547
583 447 3682 547
584 447 3682 547
585 447 3682 547
586 447 3682 547
587 441 3677 447
588 441 3677 447
589 447 3682 547
590 441 3677 447
591 441 3677 447
592 441 3677 447
593 441 3677 447
594 435 1191 441
595 434 1024 435
596 434 1024 435
597 435 1191 441
598 434 1024 435
599 428 434 423
600 428 434 423
601 434 1024 435
602 428 744 434
603 428 744 434
604 435 1191 441
605 441 3677 447
606 434 1024 435
607 434 1024 435
608 435 1191 441
609 441 3677 447
610 434 1024 435
611 428 434 423
612 428 434 423
613 434 1024 435
614 431 629 423
615 434 435 431
616 431 629 423
617 431 629 423
618 431 629 423
619 431 629 423
620 641 646 423
621 415 428 701
622 641 423 629
623 641 423 629
624 641 646 423
625 431 629 423
626 641 646 423
627 641 646 423
628 629 431 530
630 641 423 629
631 530 1067 629
632 693 671 629
633 646 641 1487
634 641 629 671
635 641 629 671
636 646 641 1487
637 693 671 629
638 693 671 629
639 693 671 629
640 671 1487 641
642 646 641 1487
643 646 657 701
644 646 641 1487
645 657 646 1321
647 646 657 701
648 641 423 629
649 646 657 701
650 646 657 701
651 646 657 701
652 701 423 646
653 657 646 1321
654 657 646 1321
655 657 646 1321
656 657 646 1321
658 657 1093 706
659 1487 1321 646
660 1321 1080 657
661 646 641 1487
662 1487 1321 646
663 1487 1321 646
664 1487 1321 646
665 646 641 1487
666 646 641 1487
667 671 1487 641
668 671 1487 641
669 671 693 670
672 671 1487 641
673 671 1359 1487
674 671 1359 1487
675 670 2266 671
676 677 2264 670
678 677 2264 670
680 677 685 679
681 677 685 679
682 677 685 679
683 679 2259 677
684 679 2259 677
686 1060 679 685
687 677 685 679
688 685 677 692
689 1060 679 685
690 677 685 679
691 693 629 1067
694 693 629 1067
695 530 1067 629
696 530 1067 629
697 431 629 423
698 701 423 646
699 706 701 657
700 741 415 706
702 706 701 657
703 706 701 657
704 712 706 1093
705 706 701 657
707 706 701 657
708 712 706 1093
709 712 706 1093
710 718 712 1095
711 712 718 739
713 706 712 741
714 718 712 1095
715 712 718 739
716 718 1095 724
717 712 718 739
719 712 718 739
720 718 1095 724
721 718 724 744
722 724 1099 1183
723 718 724 744
725 718 724 744
726 1093 1095 712
727 1099 724 1095
728 1099 724 1095
729 1099 724 1095
730 1103 1183 1099
731 1103 1183 1099
732 1093 1095 712
733 1093 1095 712
734 718 712 1095
735 718 712 1095
736 706 712 741
737 706 712 741
738 739 741 712
740 706 712 741
742 744 739 718
743 744 739 718
745 744 428 739
746 657 1093 706
747 712 706 1093
748 646 657 701
749 646 657 701
750 415 428 701
751 741 415 706
752 706 712 741
753 741 415 706
754 739 415 741
755 739 415 741
756 415 739 428
757 415 739 428
758 739 415 741
759 739 415 741
760 415 739 428
761 415 739 428
762 739 415 741
763 739 415 741
764 739 415 741
765 739 415 741
766 739 415 741
767 739 415 741
768 739 415 741
769 739 415 741
770 415 739 428
771 415 739 428
772 415 739 428
773 415 739 428
774 739 415 741
775 739 415 741
776 415 739 428
777 415 739 428
778 415 739 428
779 415 739 428
780 428 744 434
781 428 744 434
782 428 434 423
783 428 744 434
784 428 434 423
785 434 1024 435
786 434 1024 435
787 434 1024 435
788 434 1024 435
789 428 434 423
790 428 434 423
791 434 1024 435
792 434 1024 435
793 441 3677 447
794 435 1191 441
795 435 1191 441
796 441 3677 447
797 435 1191 441
798 441 3677 447
799 441 3677 447
800 441 3677 447
801 441 3677 447
802 441 3677 447
803 441 3677 447
804 441 3677 447
805 447 3682 547
806 447 3682 547
807 447 3682 547
808 447 3682 547
809 447 3682 547
810 447 3682 547
811 447 3682 547
812 447 3682 547
813 447 3682 547
814 447 3682 547
815 447 3682 547
816 447 3682 547
817 447 3682 547
818 447 3682 547
819 441 3677 447
820 447 3682 547
821 447 3682 547
822 447 3682 547
823 447 3682 547
824 441 3677 447
825 441 3677 447
826 447 3682 547
827 447 3682 547
828 441 3677 447
829 441 3677 447
830 441 3677 447
831 441 3677 447
832 441 3677 447
833 441 3677 447
834 441 3677 447
835 435 1191 441
836 434 1024 435
837 435 1191 441
838 434 1024 435
839 434 1024 435
840 435 1191 441
841 435 1191 441
842 441 3677 447
843 434 1024 435
844 434 1024 435
845 435 1191 441
846 441 3677 447
847 435 1191 441
848 441 3677 447
849 434 1024 435
850 434 1024 435
851 435 1191 441
852 441 3677 447
853 434 1024 435
854 434 1024 435
855 428 434 423
856 415 739 428
857 739 415 741
858 434 1024 435
859 434 1024 435
860 434 1024 435
861 428 434 423
862 428 434 423
863 434 1024 435
864 428 434 423
865 428 744 434
866 428 744 434
867 415 739 428
868 415 739 428
869 428 744 434
870 428 744 434
871 434 1024 435
872 428 744 434
873 415 739 428
874 739 415 741
875 739 415 741
876 415 739 428
877 415 739 428
878 415 739 428
879 739 415 741
880 739 415 741
881 415 739 428
882 415 739 428
883 739 415 741
884 415 739 428
885 428 744 434
886 428 744 434
887 739 415 741
888 739 415 741
889 739 415 741
890 739 415 741
891 739 415 741
892 739 415 741
893 1191 435 1024
894 434 1024 435
895 434 1024 435
896 1191 435 1024
897 3677 441 1191
898 441 3677 447
899 435 1191 441
900 435 1191 441
901 441 3677 447
902 441 3677 447
903 441 3677 447
904 441 3677 447
905 441 3677 447
906 441 3677 447
907 3677 441 1191
908 3677 441 1191
909 3677 441 1191
910 3677 441 1191
911 3682 447 3677
912 3682 447 3677
913 3682 447 3677
914 447 3682 547
915 447 3682 547
916 3682 447 3677
917 447 3682 547
918 447 3682 547
919 3682 447 3677
920 3682 447 3677
921 3682 447 3677
922 3682 447 3677
923 1191 435 1024
924 3677 441 1191
925 1191 435 1024
926 3677 441 1191
927 1191 435 1024
928 1191 435 1024
929 1191 435 1024
930 744 428 739
931 1191 435 1024
932 1191 435 1024
933 1191 435 1024
934 744 428 739
935 744 428 739
936 1191 435 1024
937 3677 441 1191
938 3677 441 1191
939 3677 441 1191
940 3677 441 1191
941 744 428 739
942 744 428 739
943 744 428 739
944 744 428 739
945 739 415 741
946 744 428 739
947 744 428 739
948 739 415 741
949 744 428 739
950 744 428 739
951 739 415 741
952 739 415 741
953 739 415 741
954 739 415 741
955 739 415 741
956 744 428 739
957 744 428 739
958 744 428 739
959 744 428 739
960 739 415 741
961 744 428 739
962 744 428 739
963 739 415 741
964 744 428 739
965 744 428 739
966 739 415 741
967 739 415 741
968 739 415 741
969 744 428 739
970 1024 434 744
971 744 428 739
972 744 428 739
973 744 428 739
974 1024 434 744
975 1024 434 744
976 744 428 739
977 1191 435 1024
978 1191 435 1024
979 744 428 739
980 744 428 739
981 739 415 741
982 739 415 741
983 739 415 741
984 739 415 741
985 739 415 741
986 739 415 741
987 739 415 741
988 739 415 741
989 739 415 741
990 739 415 741
991 739 415 741
992 739 415 741
993 739 415 741
994 739 415 741
995 739 415 741
996 739 415 741
997 739 415 741
998 739 415 741
999 744 428 739
1000 744 428 739
1001 744 428 739
1002 744 428 739
1003 744 428 739
1004 744 428 739
1005 744 428 739
1006 744 428 739
1007 744 428 739
1008 744 428 739
1009 744 428 739
1010 744 428 739
1011 744 428 739
1012 744 428 739
1013 744 428 739
1014 744 428 739
1015 1024 434 744
1016 1024 434 744
1017 1191 435 1024
1018 1191 435 1024
1019 1191 435 1024
1020 1024 434 744
1021 1024 744 724
1022 1024 434 744
1023 744 428 739
1025 1191 435 1024
1026 744 428 739
1027 744 428 739
1028 744 428 739
1029 744 428 739
1030 744 428 739
1031 744 428 739
1032 744 428 739
1033 744 428 739
1034 744 428 739
1035 1024 434 744
1036 1024 434 744
1037 744 428 739
1038 1191 435 1024
1039 1191 435 1024
1040 1024 434 744
1041 1024 434 744
1042 1191 435 1024
1043 1191 435 1024
1044 744 428 739
1045 1024 434 744
1046 1191 435 1024
1049 1047 1060 1051
1050 1051 518 1047
1053 1047 1060 1051
1054 685 1051 1060
1055 1051 685 1056
1057 685 1051 1060
1058 685 1051 1060
1059 685 1051 1060
1061 1047 1060 1051
1063 1066 1062 483
1064 1066 1062 483
1065 483 2052 1066
1068 1056 692 1067
1069 1052 1067 536
1070 1056 517 1051
1071 1052 1067 536
1072 1048 1047 518
1073 1062 1048 508
1074 508 483 1062
1075 1062 1048 508
1077 1080 1078 1076
1079 1084 1076 1078
1081 1080 1321 1078
1082 1324 1479 1078
1083 1078 1481 1084
1085 1093 1080 1095
1086 1076 1095 1080
1087 1076 1095 1080
1088 1093 1080 1095
1089 1310 1099 1076
1090 1095 1076 1099
1091 1093 657 1080
1092 657 1093 706
1094 1093 1080 1095
1096 1095 1076 1099
1097 1095 1076 1099
1098 1095 1076 1099
1100 1099 1310 1103
1101 1099 1310 1103
1102 1103 1201 1167
1104 1103 1183 1099
1105 1103 1183 1099
1106 1103 1201 1167
1107 1103 1201 1167
1108 1103 1201 1167
1109 1175 1167 1201
1110 1175 1167 1201
1111 1167 1198 1103
1112 1167 1198 1103
1113 1103 1183 1099
1114 1167 1198 1103
1115 1167 1198 1103
1116 1183 1103 1198
1117 1183 1103 1198
1118 1139 1156 1167
1119 1167 1198 1103
1120 1139 1156 1167
1121 1198 1167 1156
1122 1198 1167 1156
1123 1198 1167 1156
1124 1139 1156 1167
1125 1139 1156 1167
1126 1139 1156 1167
1127 1139 1156 1167
1128 1156 1139 3969
1129 1198 1167 1156
1130 1149 3969 1139
1131 1156 1139 3969
1132 1149 3969 1139
1133 1149 3969 1139
1134 1156 1139 3969
1135 1156 1139 3969
1136 1139 1172 1149
1137 1139 1172 1149
1138 1139 1172 1149
1140 2067 1149 1172
1141 1149 3969 1139
1142 1149 3969 1139
1143 1149 478 3969
1144 478 1149 491
1145 1149 478 3969
1146 1149 478 3969
1147 1156 1139 3969
1148 2067 1149 1172
1150 2067 491 1149
1151 478 1149 491
1152 1156 1139 3969
1153 1156 1139 3969
1154 1156 1139 3969
1155 3611 547 3682
1157 3682 3677 1156
1158 3682 3677 1156
1159 1198 1167 1156
1160 3682 3677 1156
1161 1198 1156 3677
1162 1167 1175 1139
1163 1172 1139 1175
1164 1139 1156 1167
1165 1167 1175 1139
1166 1167 1175 1139
1168 1175 1241 1172
1169 1172 1139 1175
1170 1172 1139 1175
1171 1172 1139 1175
1173 1172 1139 1175
1174 3611 3969 261
1176 1175 1167 1201
1177 1175 1167 1201
1178 1183 1103 1198
1179 1183 1103 1198
1180 1198 3677 1183
1181 1198 3677 1183
1182 1191 1183 3677
1184 1103 1183 1099
1185 724 1099 1183
1186 724 1099 1183
1187 1191 1024 1183
1188 1191 1024 1183
1189 1024 744 724
1190 1191 1183 3677
1192 1191 1024 1183
1193 1191 1183 3677
1194 1198 3677 1183
1195 1198 3677 1183
1196 1191 1183 3677
1197 1198 1167 1156
1199 501 455 261
1200 1201 1103 1310
1202 3611 3969 261
1203 1201 1207 1175
1204 1241 1175 1207
1205 1207 1201 1297
1206 1207 1297 1258
1208 1241 1175 1207
1209 1207 1297 1258
1210 1241 1175 1207
1211 1207 1297 1258
1212 1207 1297 1258
1213 1258 1254 1207
1214 1258 1254 1207
1215 1175 1241 1172
1216 1241 1175 1207
1217 1230 1172 1241
1218 1175 1241 1172
1219 1230 1172 1241
1220 1230 1172 1241
1221 1230 1172 1241
1222 1230 2066 1172
1223 1230 2066 1172
1224 1230 2066 1172
1225 1230 2066 1172
1226 2066 1230 1939
1227 1230 2066 1172
1228 2067 1172 2066
1229 1230 1172 1241
1231 2033 1230 3872
1232 1230 2033 2041
1233 2041 1939 1230
1234 2041 1939 1230
1235 1230 1172 1241
1236 1241 3872 1230
1237 1241 3872 1230
1238 2033 1230 3872
1239 1241 1175 1207
1240 1241 1175 1207
1242 1241 1254 3872
1243 1241 3872 1230
1244 1241 3872 1230
1245 1241 1254 3872
1246 1250 3872 1254
1247 1241 1254 3872
1248 1250 3872 1254
1249 1250 3872 1254
1251 1241 1254 3872
1252 1254 1290 1250
1253 1241 1207 1254
1255 1241 1207 1254
1256 1254 1258 1290
1257 1207 1297 1258
1259 1295 1284 1258
1260 1266 1290 1258
1261 1266 1290 1258
1262 1254 1258 1290
1263 1266 1258 1284
1264 1266 1290 1258
1265 1284 1279 1266
1267 1266 1290 1258
1268 1266 1290 1258
1269 1266 1597 1290
1270 1266 1290 1258
1271 1266 1597 1290
1272 1266 1597 1290
1273 1284 1279 1266
1274 1266 1597 1290
1275 1284 1279 1266
1276 1284 1279 1266
1277 1284 1279 1266
1278 1284 1279 1266
1280 1597 1266 1279
1281 1295 1284 1258
1282 1284 1279 1266
1283 1284 1295 1307
1285 1254 1258 1290
1286 1254 1258 1290
1287 3883 1250 1290
1288 1254 1258 1290
1289 1290 3947 3883
1291 1266 1290 1258
1292 1266 1290 1258
1293 1295 1297 1299
1294 1299 1307 1295
1296 1295 1258 1297
1298 1084 1299 1297
1300 1295 1297 1299
1301 1299 1084 1481
1302 1299 1084 1481
1303 1084 1299 1297
1304 1310 1297 1201
1305 1295 1297 1299
1306 1299 1307 1295
1308 1481 1929 1299
1309 1307 1929 1924
1311 1310 1297 1201
1312 1310 1297 1201
1313 1201 1103 1310
1314 1201 1103 1310
1315 1310 1099 1076
1316 1076 1084 1310
1317 1310 1099 1076
1318 1310 1099 1076
1319 1321 1080 657
1320 1321 1080 657
1322 1324 1078 1321
1323 1324 1321 1327
1325 1327 1330 1324
1326 1479 1324 1330
1328 1487 1353 1327
1329 1327 1336 1330
1332 1331 1330 1336
1333 1331 1330 1336
1334 1331 1336 1345
1335 1336 1327 1353
1337 1330 1331 1435
1338 1330 1331 1435
1339 1393 1331 1347
1340 1393 1435 1331
1341 1435 1476 1330
1342 1479 1330 1476
1344 1345 1347 1331
1346 1347 1345 1385
1349 1331 1336 1345
1350 1336 1353 1351
1352 1351 1373 1345
1354 1364 1351 1353
1355 1336 1353 1351
1356 1336 1327 1353
1357 1364 1351 1353
1358 1336 1353 1351
1360 1359 2266 2252
1361 1353 1359 1364
1362 1353 1487 1359
1363 2252 1364 1359
1365 1353 1487 1359
1366 1359 671 2266
1367 1353 1487 1359
1368 1487 1353 1327
1369 671 1359 1487
1370 1336 1327 1353
1371 1487 1353 1327
1372 1373 1351 2215
1374 1364 2215 1351
1375 1364 2215 1351
1376 1364 2215 1351
1377 1364 2245 2215
1378 1414 1379 1426
1380 1379 1345 1373
1381 1373 1426 1379
1382 1379 1385 1345
1383 1379 1385 1345
1384 1414 1406 1379
1386 1347 1385 1400
1387 1347 1385 1400
1388 1414 1406 1379
1389 1385 1406 1397
1390 1397 1400 1385
1391 1347 1385 1400
1392 1347 1385 1400
1394 1347 1400 1393
1395 1435 1393 1447
1396 4542 1397 1406
1398 1397 4542 1902
1399 1902 1457 1397
1401 1439 1393 1400
1402 4542 1406 3200
1403 4542 1406 3200
1404 1343 3336 1348
1405 1343 1348 3405
1407 1343 1348 3405
1409 3208 1406 1408
1410 3208 1406 1408
1411 1414 1408 1406
1413 1408 1414 1412
1415 1426 1412 1414
1416 1412 1426 2300
1417 2300 2307 1412
1418 1428 1412 2307
1419 1428 1412 2307
1420 2307 2967 1428
1421 2921 1428 2967
1422 1412 1428 1408
1423 1412 1428 1408
1424 1412 1426 2300
1425 1412 1426 2300
1427 1412 1426 2300
1429 1412 1428 1408
1430 2918 1408 1428
1431 2918 1408 1428
1432 1435 1393 1447
1433 1435 1393 1447
1434 1435 1447 1476
1436 1439 1447 1393
1437 1463 1476 1447
1438 1439 1447 1393
1440 1447 1439 1453
1441 1447 1439 1453
1442 1447 1439 1453
1443 1447 1439 1453
1444 1448 1453 1439
1445 1448 1453 1439
1446 1448 1453 1439
1449 1448 1453 1439
1450 1448 1908 1453
1451 1448 1908 1453
1452 1910 1453 1908
1454 1448 1439 1457
1455 1448 1439 1457
1456 1448 1439 1457
1458 1888 1908 1457
1459 1448 1457 1908
1460 1400 1457 1439
1461 1400 1457 1439
1462 1400 1397 1457
1464 1447 1453 1463
1465 1447 1453 1463
1466 1463 1468 1921
1467 1468 1463 1453
1469 1435 1447 1476
1470 1435 1447 1476
1471 1463 1476 1447
1472 1476 1463 1929
1473 1439 1393 1400
1474 1435 1476 1330
1475 1435 1476 1330
1477 1476 1929 1479
1478 1479 1330 1476
1480 1481 1078 1479
1482 1481 1479 1929
1483 1481 1479 1929
1484 1487 1327 1321
1485 1487 1353 1327
1486 1487 1327 1321
1488 671 1487 641
1489 671 1359 1487
1490 671 1487 641
1491 1487 1321 646
1492 1487 1321 646
1493 1495 1500 1671
1494 1495 1500 1671
1496 1495 1500 1671
1497 1279 1751 1495
1498 1279 1751 1495
1499 1495 1757 1500
1502 1597 1279 1501
1503 1673 1501 1279
1504 1501 1673 1645
1505 1597 1279 1501
1506 1597 1279 1501
1507 1673 1501 1279
1508 1673 1501 1279
1509 1521 1538 1501
1510 1597 1501 1538
1512 1521 1538 1501
1513 1597 1501 1538
1514 1597 1279 1501
1515 1501 1645 1521
1516 1521 1538 1501
1517 1501 1645 1521
1518 1501 1645 1521
1519 1501 1673 1645
1520 1501 1673 1645
1522 1521 1617 1529
1523 1521 1538 1501
1524 1617 1521 1645
1525 1521 1529 1538
1526 1521 1538 1501
1527 1521 1529 1538
1528 1521 1529 1538
1530 1607 1529 1613
1531 1529 1607 1539
1532 1529 1607 1539
1533 1539 1538 1529
1534 1597 1501 1538
1535 1597 1501 1538
1536 1597 1501 1538
1537 1538 1539 1559
1540 1538 1539 1559
1541 1539 1538 1529
1542 1543 1539 1607
1544 1539 1543 1563
1545 1597 1538 3947
1546 1597 1538 3947
1547 1597 1538 3947
1548 1563 1559 1539
1549 1559 3947 1538
1550 1559 3947 1538
1551 1597 1538 3947
1552 1597 1538 3947
1553 1563 1559 1539
1554 1559 3947 1538
1555 1563 1572 1559
1556 1563 1572 1559
1557 3947 1559 3903
1558 1559 3947 1538
1560 1563 1572 1559
1561 1563 1559 1539
1562 1563 1559 1539
1564 1573 1572 1588
1565 3904 1559 1572
1566 3904 3903 1559
1567 3904 3903 1559
1568 3904 3903 1559
1569 3947 1559 3903
1570 3947 1559 3903
1571 3904 1559 1572
1574 3914 3916 4613
1575 1597 1266 1279
1576 1597 1266 1279
1577 1559 3947 1538
1578 1597 1266 1279
1579 1597 1266 1279
1580 1597 1266 1279
1581 3947 1290 1597
1582 3947 1290 1597
1583 3947 1290 1597
1584 3947 1290 1597
1585 1538 1539 1559
1586 1539 1543 1563
1587 1588 1563 1543
1589 1539 1543 1563
1590 4635 1594 4627
1591 1573 3916 1605
1592 3914 1605 3916
1593 1543 1594 1588
1595 1543 1539 1607
1596 1543 1594 1588
1598 1597 1501 1538
1599 1597 1279 1501
1600 1597 1279 1501
1601 1597 1266 1279
1602 1597 1266 1279
1603 1539 1538 1529
1604 1539 1538 1529
1606 1607 1609 1543
1608 1609 1615 4718
1610 1607 1609 1543
1611 1607 1529 1613
1612 1613 1615 1607
1614 1613 1615 1607
1616 1613 1615 1607
1618 3230 3238 1617
1619 1620 3238 1613
1621 3230 3238 1617
1622 3230 3238 1617
1623 3282 1613 3238
1624 1620 3238 1613
1625 1521 1617 1529
1626 1620 1613 1529
1627 1613 3282 1615
1628 3282 1613 3238
1629 3285 4696 1615
1630 1613 3282 1615
1631 1609 1615 4718
1632 1607 1609 1543
1633 1609 1615 4718
1634 1613 1615 1607
1635 1613 1615 1607
1636 1594 1609 4741
1637 1594 1609 4741
1638 1617 1521 1645
1639 1617 1521 1645
1640 1617 1521 1645
1641 1617 1521 1645
1642 1501 1645 1521
1643 1650 1735 1645
1644 1617 1645 3230
1646 1650 1735 1645
1647 1722 1645 1735
1648 1722 3230 1645
1649 3230 3238 1617
1651 1650 1735 1645
1652 1673 1700 1650
1653 1650 1735 1645
1654 1722 1645 1735
1655 1722 1645 1735
1656 1681 1680 1650
1657 1736 1735 1677
1658 1735 1650 1680
1659 1673 1700 1650
1660 1736 1735 1677
1661 1736 1735 1677
1662 1673 1700 1650
1663 1718 1842 1702
1664 1673 1700 1650
1665 1501 1673 1645
1666 1673 1700 1650
1667 1700 1673 1702
1668 1650 1645 1673
1669 1650 1645 1673
1670 1501 1673 1645
1672 1671 1702 1673
1674 1671 1673 1495
1675 1671 1702 1673
1676 1501 1673 1645
1678 1680 1677 1735
1679 1680 1677 1735
1682 1718 1842 1702
1683 1686 1677 1692
1684 1677 1686 1736
1685 1677 1686 1736
1687 1686 4140 4082
1688 4082 1736 1686
1689 1686 1692 4140
1690 1686 1677 1692
1691 1686 1677 1692
1693 1677 1680 1865
1694 1866 1865 1680
1695 1863 1866 1681
1696 1680 1681 1866
1697 1863 1866 1681
1698 1866 1865 1680
1699 1702 1844 1700
1701 1718 1842 1702
1703 1700 1861 1681
1704 1702 1844 1700
1705 1861 1700 1844
1706 1863 1866 1681
1707 1844 1702 1842
1708 1844 1702 1842
1709 1844 1702 1842
1710 1844 1702 1842
1711 1718 1834 1842
1712 1718 1834 1842
1713 1718 1834 1842
1714 1718 1834 1842
1715 1718 1772 1834
1716 1718 1772 1834
1717 1722 1645 1735
1719 1736 3195 1735
1720 1736 3195 1735
1721 1736 3195 1735
1723 1722 3230 1645
1724 1722 3230 1645
1725 1722 3230 1645
1726 1722 3230 1645
1727 3195 1729 3210
1728 1735 3190 1722
1730 3195 1729 3210
1731 1736 3195 1735
1732 4082 1729 1736
1733 3195 1736 1729
1737 1735 3190 1722
1738 1735 3190 1722
1739 3220 1722 3190
1740 3220 1722 3190
1741 1501 1645 1521
1742 1617 1645 3230
1743 3230 3238 1617
1744 1671 1673 1495
1745 1772 1671 1500
1746 1754 1751 1284
1747 1279 1284 1751
1748 1754 1751 1284
1749 1279 1284 1751
1753 1752 1750 1751
1755 1924 1921 1752
1756 1758 1759 1750
1760 1759 1758 1500
1761 1772 1500 1758
1762 1758 1834 1772
1763 1758 1834 1772
1764 1759 1758 1500
1765 1772 1500 1758
1766 1759 1758 1500
1767 1772 1500 1758
1768 1758 1834 1772
1769 1758 1834 1772
1770 1759 1758 1500
1771 1772 1500 1758
1773 1671 1702 1673
1774 1772 1500 1758
1775 1671 1702 1673
1776 1671 1702 1673
1777 1671 1702 1673
1778 1671 1702 1673
1779 1718 1772 1834
1780 1671 1702 1673
1781 1671 1702 1673
1782 1671 1702 1673
1783 1718 1772 1834
1784 1671 1702 1673
1785 1718 1772 1834
1786 1671 1702 1673
1787 1671 1702 1673
1788 1671 1702 1673
1789 1718 1772 1834
1790 1718 1834 1842
1791 1718 1834 1842
1792 1718 1834 1842
1793 1718 1834 1842
1794 1718 1834 1842
1795 1718 1834 1842
1796 1844 1702 1842
1797 1844 1702 1842
1798 1844 1702 1842
1799 1844 1702 1842
1800 1844 1702 1842
1801 1844 1702 1842
1802 1718 1834 1842
1803 1718 1834 1842
1804 1844 1702 1842
1805 1844 1702 1842
1806 1837 1842 1834
1807 1718 1834 1842
1808 1671 1702 1673
1809 1759 1758 1500
1810 1772 1500 1758
1811 1772 1500 1758
1812 1772 1500 1758
1813 1772 1500 1758
1814 1772 1500 1758
1815 1772 1500 1758
1816 1759 1758 1500
1817 1758 1834 1772
1818 1758 1834 1772
1819 1759 1758 1500
1820 1834 1758 1912
1821 1834 1758 1912
1822 1834 1912 1837
1823 1834 1912 1837
1824 1834 1912 1837
1825 1834 1758 1912
1826 1834 1758 1912
1827 1834 1758 1912
1828 1834 1912 1837
1829 1834 1912 1837
1830 1758 1834 1772
1831 1759 1758 1500
1832 1834 1758 1912
1833 1834 1758 1912
1835 1834 1912 1837
1836 1913 1844 1837
1838 1861 1844 1910
1839 1842 1837 1844
1840 1837 1842 1834
1841 1837 1842 1834
1843 1837 1842 1834
1845 1837 1842 1834
1846 1837 1842 1834
1847 1837 1842 1834
1848 1837 1842 1834
1849 1837 1842 1834
1850 1837 1842 1834
1851 1837 1842 1834
1852 1837 1842 1834
1853 1837 1842 1834
1854 1837 1842 1834
1855 1837 1842 1834
1856 1837 1842 1834
1857 1837 1842 1834
1858 1837 1842 1834
1859 1837 1842 1834
1860 1861 1910 1863
1862 1861 1910 1863
1864 1866 1888 1865
1867 1866 1863 1888
1868 1874 4140 1692
1869 1692 1865 1874
1870 1692 1865 1874
1871 1692 1865 1874
1872 1890 1874 1865
1873 4140 1874 1905
1875 1890 1874 1865
1876 4140 1874 1905
1877 1874 4140 1692
1878 1874 4140 1692
1879 1692 1865 1874
1880 1874 4140 1692
1881 1692 1865 1874
1882 1686 1692 4140
1883 1686 1692 4140
1884 4140 1874 1905
1885 1874 4140 1692
1886 4140 1874 1905
1887 1874 4140 1692
1889 1890 1874 1865
1891 1890 1902 1905
1892 1890 1905 1874
1894 1905 1895 1893
1896 3198 1893 1895
1897 1895 1905 1902
1898 1895 1902 4542
1899 3200 3198 4542
1900 3200 3198 4542
1901 1890 1888 1902
1903 3211 4082 4140
1904 3211 4082 4140
1906 1893 3211 1905
1907 1866 1863 1888
1909 1861 1910 1863
1911 1913 1910 1844
1914 1913 1468 1910
1915 1453 1910 1468
1916 1917 1468 1912
1918 1912 1750 1917
1919 1917 1921 1468
1920 1924 1921 1752
1922 1921 1924 1929
1923 1921 1929 1463
1925 1754 1284 1924
1926 1307 1924 1284
1927 1921 1924 1929
1928 1307 1929 1924
1930 1307 1929 1924
1931 1307 1924 1284
1932 1750 1912 1758
1933 1754 1284 1924
1934 2041 1939 1230
1935 2066 1230 1939
1936 2041 1939 1230
1937 2041 1939 1230
1938 2041 1939 1230
1940 2041 2027 1959
1941 2041 2027 1959
1942 1959 2058 2041
1943 2041 2027 1959
1944 1959 2058 2041
1945 1959 2058 2041
1946 1959 2058 2041
1947 1959 2058 2041
1948 1949 2027 1954
1950 1949 1959 2027
1951 2041 2027 1959
1952 1949 1959 2027
1953 1949 1959 2027
1955 1949 1959 2027
1956 1949 1959 2027
1957 1949 2027 1954
1958 1954 2017 2023
1960 1959 2058 2041
1961 1954 2017 2023
1962 1954 2017 2023
1963 1954 2017 2023
1964 1954 2017 2023
1965 1954 2017 2023
1966 1954 2017 2023
1967 1954 2017 2023
1969 2023 1980 1968
1970 1990 1968 1980
1971 2023 1980 1968
1972 2023 1980 1968
1973 2023 1980 1968
1974 2023 1980 1968
1975 2023 1980 1968
1976 2023 1980 1968
1977 2023 1980 1968
1978 2023 1980 1968
1979 1980 2023 2017
1981 1980 3861 1990
1982 1990 1968 1980
1983 1990 1968 1980
1984 1990 1968 1980
1985 1990 1968 1980
1986 1980 3861 1990
1987 1990 1968 1980
1988 1968 1990 4073
1989 3851 1990 3861
1991 1990 1968 1980
1992 1980 3861 1990
1993 3794 4073 1990
1994 1968 1990 4073
1995 3851 1990 3861
1996 3851 1990 3861
1997 1980 3861 1990
1998 1980 3861 1990
1999 1980 3861 1990
2000 1980 3861 1990
2001 1980 3861 1990
2002 1980 3861 1990
2003 2023 1980 1968
2004 1980 2023 2017
2005 1980 2023 2017
2006 1980 2023 2017
2007 2010 3861 2017
2008 2010 3861 2017
2009 1980 2023 2017
2011 2010 2033 3861
2012 1980 2023 2017
2013 2033 2010 2027
2014 2010 2033 3861
2015 2010 2033 3861
2016 1954 2017 2023
2018 2017 1954 2027
2019 2017 2027 2010
2020 2017 2027 2010
2021 1954 2017 2023
2022 1954 2017 2023
2024 2017 1954 2027
2025 1949 2027 1954
2026 2027 2041 2033
2028 2041 2027 1959
2029 2041 2027 1959
2030 2033 2010 2027
2031 2033 2010 2027
2032 1230 2033 2041
2034 1230 2033 2041
2035 2033 1230 3872
2036 1230 2033 2041
2037 2033 2010 2027
2038 2010 2033 3861
2039 2033 1230 3872
2040 2033 1230 3872
2042 1939 2041 2058
2043 1939 2041 2058
2044 1959 2058 2041
2045 2058 2051 1939
2046 2052 1939 2051
2047 2052 1939 2051
2048 2058 2051 1939
2049 2051 1066 2052
2050 2058 2051 1939
2053 483 2052 1066
2054 2051 1066 2052
2055 483 2052 1066
2056 2051 1066 2052
2057 1959 2058 2041
2059 2066 2062 2067
2060 1939 2052 2066
2061 2062 2066 2052
2063 491 2067 2062
2064 2067 491 1149
2065 491 2067 2062
2068 2067 1149 1172
2069 2067 1149 1172
2070 2073 2270 2084
2071 2084 2368 2073
2072 2084 2368 2073
2074 2084 2368 2073
2075 2084 2368 2073
2076 2084 2368 2073
2077 2084 2368 2073
2078 2368 2279 2073
2079 2268 2381 2089
2080 2084 2089 2381
2081 2084 2089 2381
2082 2268 2381 2089
2083 2084 2089 2381
2085 2089 2084 2270
2086 2089 2084 2270
2087 2089 2245 2268
2088 2268 2381 2089
2090 2270 2232 2089
2091 2270 2232 2089
2092 2270 2232 2089
2093 2150 2268 2102
2094 2150 2268 2102
2095 2150 2268 2102
2096 2247 2268 2245
2097 2150 2268 2102
2098 2089 2245 2268
2099 2247 2268 2245
2100 2247 2268 2245
2101 2150 2268 2102
2103 2102 2127 2150
2104 2112 2102 2252
2105 2127 2102 2191
2106 2127 2102 2191
2107 2102 2127 2150
2108 2102 2127 2150
2109 2112 2102 2252
2110 2127 2102 2191
2111 2112 2102 2252
2113 2112 2191 2102
2114 2127 2102 2191
2116 2112 2115 2191
2117 2115 2112 2251
2118 2251 2255 2115
2119 2120 2115 2255
2121 2190 2160 2124
2122 2190 2160 2124
2123 2124 2191 2115
2125 2190 2160 2124
2126 2190 2160 2124
2128 2102 2127 2150
2129 2144 2511 2127
2130 2144 2511 2127
2131 2144 2511 2127
2132 2102 2127 2150
2133 2156 2127 2511
2134 2156 2150 2127
2135 2156 2150 2127
2136 2102 2127 2150
2137 4193 2505 2144
2138 4193 2505 2144
2139 2511 2144 2505
2140 2144 2511 2127
2141 2511 2144 2505
2142 2511 2144 2505
2143 2190 2159 2181
2145 2190 2159 2181
2146 2190 2159 2181
2147 2150 2268 2102
2148 2156 2150 2127
2149 2156 2150 2127
2151 2156 2389 2150
2152 2156 2389 2150
2153 2150 2385 2268
2154 2150 2385 2268
2155 2156 2127 2511
2157 2156 2511 2389
2158 2156 2389 2150
2161 2159 2190 2164
2162 2159 2174 2184
2163 2124 2164 2190
2165 2174 2159 2172
2166 2159 2174 2184
2168 2184 2181 2159
2169 2159 2174 2184
2170 2184 2167 3447
2171 2184 2167 3447
2173 2174 2159 2172
2175 3445 3447 2167
2176 3447 2188 2184
2177 3445 3447 2167
2178 3445 3447 2167
2179 3445 3447 2167
2180 3445 3447 2167
2183 2181 2184 2188
2185 2181 2184 2188
2187 3447 2188 2184
2189 2186 4186 2182
2192 2164 2124 2120
2193 2172 2164 2195
2194 2172 2164 2195
2196 2172 2164 2195
2197 2195 2120 2256
2198 2255 2256 2120
2199 2195 2120 2256
2200 2255 2256 2120
2201 2252 2247 1364
2202 2252 2247 1364
2203 2252 2247 1364
2204 2112 2102 2252
2205 2252 2247 1364
2206 2252 2251 2112
2207 1364 2245 2215
2208 1364 2245 2215
2209 1364 2245 2215
2210 2245 1364 2247
2211 1364 2245 2215
2212 1373 2215 1426
2213 1373 2215 1426
2214 1364 2245 2215
2216 2223 1426 2215
2217 1373 2215 1426
2218 2223 1426 2215
2219 2223 2300 1426
2220 2215 2232 2223
2221 2215 2232 2223
2222 2228 2223 2232
2224 2228 2223 2232
2225 2228 2223 2232
2226 2232 2270 2228
2227 2228 2223 2232
2229 2228 2291 2223
2230 2245 2089 2232
2231 2245 2089 2232
2233 2232 2215 2245
2234 2232 2215 2245
2235 2232 2215 2245
2236 2232 2215 2245
2237 2232 2215 2245
2238 2245 1364 2247
2239 2232 2215 2245
2240 2247 2252 2102
2241 2232 2215 2245
2242 2247 2252 2102
2243 2247 2252 2102
2244 2245 2089 2232
2246 2247 2268 2245
2248 2245 2089 2232
2249 2245 2089 2232
2250 2251 2252 2266
2253 2255 2251 2264
2254 2255 2251 2264
2257 2255 2251 2264
2258 2256 2255 2259
2260 2264 2259 2255
2261 2264 2259 2255
2262 2264 677 2259
2263 2266 2264 2251
2265 2266 2264 2251
2267 2252 1364 1359
2269 2268 2381 2089
2271 2270 2232 2089
2272 2270 2073 2279
2273 2270 2073 2279
2274 2279 2228 2270
2275 2232 2270 2228
2276 2279 2228 2270
2277 2279 2228 2270
2278 2279 2228 2270
2280 2362 2291 2279
2281 2362 2291 2279
2282 2232 2270 2228
2283 2232 2270 2228
2284 2232 2270 2228
2285 2228 2279 2291
2286 2228 2279 2291
2287 2228 2291 2223
2288 2362 2291 2279
2289 2297 2291 2338
2290 2297 2291 2338
2292 2297 2291 2338
2293 2291 2297 2300
2294 2297 2291 2338
2295 2317 2297 2327
2296 2317 2297 2327
2298 2228 2291 2223
2299 2291 2297 2300
2301 2223 2300 1426
2302 2223 2300 1426
2303 2223 2300 1426
2304 2307 2300 2297
2305 2307 2300 2297
2306 2307 2300 2297
2308 2307 2967 1428
2309 2307 2967 1428
2310 2967 2307 2317
2311 2967 2307 2317
2312 2967 2307 2317
2313 2307 2967 1428
2314 2291 2297 2300
2315 2297 2317 2307
2316 2297 2317 2307
2318 2317 2346 2967
2319 2291 2297 2300
2320 2317 2297 2327
2321 2317 2297 2327
2322 2327 2328 2317
2323 2346 2317 2328
2324 2327 2328 2317
2325 2328 2356 2346
2326 2346 2317 2328
2329 2328 2356 2346
2330 2328 2356 2346
2331 2328 2356 2346
2332 2334 2806 2327
2333 2334 2806 2327
2335 2334 2806 2327
2336 2806 2334 2397
2337 2334 2806 2327
2339 2342 2338 2370
2340 2334 2327 2342
2341 2334 2327 2342
2343 2334 2327 2342
2344 2338 2327 2297
2345 2338 2327 2297
2347 2346 2317 2328
2348 2976 2346 2356
2349 2954 2967 2346
2350 2976 2346 2356
2351 2976 2346 2356
2352 2976 2346 2356
2353 2346 2976 2954
2354 2328 2356 2346
2355 2328 2806 2356
2357 2875 2356 2806
2358 2346 2317 2328
2359 2317 2346 2967
2360 2362 2338 2291
2361 2362 2338 2291
2363 2362 2370 2338
2364 2362 2291 2279
2365 2279 2368 2362
2366 2370 2362 2368
2367 2370 2362 2368
2369 2370 2368 2381
2371 2370 2362 2368
2372 2270 2073 2279
2373 2368 2279 2073
2374 2368 2279 2073
2375 2342 2338 2370
2376 2342 2338 2370
2377 2270 2073 2279
2378 2150 2385 2268
2379 2084 2089 2381
2380 2381 2268 2385
2382 2156 2389 2150
2383 2156 2389 2150
2384 2385 2150 2389
2386 2397 2389 2511
2387 2389 2397 2334
2388 2385 2389 2342
2390 2389 2397 2334
2391 2385 2389 2342
2392 2385 2389 2342
2393 2385 2389 2342
2395 2397 2394 2806
2396 2397 2394 2806
2398 2397 2394 2806
2399 2397 2394 2806
2401 2400 2394 2453
2402 2394 2400 2875
2403 2394 2400 2875
2404 2400 2394 2453
2405 2394 2400 2875
2406 2400 2453 2412
2407 2400 2453 2412
2408 2400 2453 2412
2409 2400 2453 2412
2410 2400 2453 2412
2411 2400 2453 2412
2413 2437 2412 2453
2414 2400 2453 2412
2415 2400 2453 2412
2416 2437 2412 2453
2417 2400 2453 2412
2418 2437 2993 2412
2419 2437 2993 2412
2420 2437 2412 2453
2421 2437 2412 2453
2422 2437 2993 2412
2423 2437 2412 2453
2424 4563 2875 2400
2425 4563 2875 2400
2426 2437 2993 2412
2427 2437 2993 2412
2428 4563 2875 2400
2429 2437 2993 2412
2430 2437 2993 2412
2431 2437 2993 2412
2432 2437 2993 2412
2433 2437 2993 2412
2434 2437 2993 2412
2435 2437 2993 2412
2436 2437 2412 2453
2438 2437 2412 2453
2439 2437 2412 2453
2440 2437 2412 2453
2441 2400 2453 2412
2442 2437 2412 2453
2443 2400 2453 2412
2444 2400 2453 2412
2445 2400 2453 2412
2446 2437 2993 2412
2447 2437 2412 2453
2448 2437 2993 2412
2449 2437 2412 2453
2450 2437 2412 2453
2451 2437 2412 2453
2452 2400 2453 2412
2454 2453 4186 2437
2455 2437 2412 2453
2456 2453 4186 2437
2457 2453 4186 2437
2458 2453 4186 2437
2459 2453 4186 2437
2460 2453 4186 2437
2461 2453 4186 2437
2462 2400 2394 2453
2463 2400 2394 2453
2464 2505 4193 2453
2465 2505 4193 2453
2466 2400 2394 2453
2467 2400 2394 2453
2468 2400 2394 2453
2469 2394 2400 2875
2470 2400 2394 2453
2471 2394 2400 2875
2472 2397 2394 2806
2473 2397 2394 2806
2474 2400 2394 2453
2475 2394 2400 2875
2476 2400 2394 2453
2477 2394 2400 2875
2478 2397 2394 2806
2479 2397 2394 2806
2480 2400 2394 2453
2481 2394 2400 2875
2482 2400 2394 2453
2483 2394 2400 2875
2484 2397 2394 2806
2485 2397 2394 2806
2486 2400 2453 2412
2487 2400 2453 2412
2488 2400 2453 2412
2489 2400 2453 2412
2490 2400 2453 2412
2491 2400 2453 2412
2492 2400 2453 2412
2493 2400 2453 2412
2494 2400 2453 2412
2495 2397 2394 2806
2496 2397 2394 2806
2497 2397 2394 2806
2498 2389 2397 2334
2499 2389 2397 2334
2500 2389 2397 2334
2501 2397 2394 2806
2502 2389 2397 2334
2503 2400 2453 2412
2504 2394 2397 2505
2506 2394 2397 2505
2507 2394 2397 2505
2508 2505 4193 2453
2509 2505 4193 2453
2510 2394 2397 2505
2512 2394 2397 2505
2513 2394 2397 2505
2514 2156 2511 2389
2515 2156 2389 2150
2516 2385 2389 2342
2517 2385 2389 2342
2518 2385 2389 2342
2519 2385 2389 2342
2520 2385 2389 2342
2521 2385 2389 2342
2522 2385 2389 2342
2523 2385 2389 2342
2524 2385 2389 2342
2525 2381 2268 2385
2526 2381 2268 2385
2527 2381 2268 2385
2528 2385 2389 2342
2529 2385 2389 2342
2530 2385 2389 2342
2531 2385 2389 2342
2532 2385 2389 2342
2533 2385 2389 2342
2534 2381 2268 2385
2535 2381 2268 2385
2536 2389 2397 2334
2537 2389 2397 2334
2538 2385 2389 2342
2539 2385 2389 2342
2540 2389 2397 2334
2541 2385 2389 2342
2542 2385 2389 2342
2543 2385 2389 2342
2544 2397 2394 2806
2545 2397 2394 2806
2546 2397 2394 2806
2547 2397 2394 2806
2548 2397 2394 2806
2549 2397 2394 2806
2550 2397 2394 2806
2551 2397 2394 2806
2552 2397 2394 2806
2553 2389 2397 2334
2554 2389 2397 2334
2555 2400 2394 2453
2556 2400 2394 2453
2557 2394 2400 2875
2558 2394 2400 2875
2559 2400 2394 2453
2560 2394 2400 2875
2561 2400 2394 2453
2562 2394 2400 2875
2563 2397 2394 2806
2564 2389 2397 2334
2565 2385 2389 2342
2566 2385 2389 2342
2567 2385 2389 2342
2568 2385 2389 2342
2569 2385 2389 2342
2570 2385 2389 2342
2571 2381 2268 2385
2572 2381 2268 2385
2573 2381 2268 2385
2574 2385 2389 2342
2575 2385 2389 2342
2576 2385 2389 2342
2577 2084 2368 2073
2578 2084 2368 2073
2579 2084 2381 2368
2580 2389 2397 2334
2581 2385 2389 2342
2582 2385 2389 2342
2583 2389 2397 2334
2584 2385 2389 2342
2585 2385 2389 2342
2586 2381 2385 2370
2587 2381 2385 2370
2588 2381 2385 2370
2589 2084 2381 2368
2590 2084 2381 2368
2591 2084 2381 2368
2592 2385 2389 2342
2593 2381 2268 2385
2594 2381 2385 2370
2595 2381 2385 2370
2596 2084 2381 2368
2597 2084 2381 2368
2598 2381 2385 2370
2599 2381 2385 2370
2600 2084 2381 2368
2601 2084 2381 2368
2602 2084 2381 2368
2603 2084 2381 2368
2604 2084 2381 2368
2605 2084 2381 2368
2606 2084 2381 2368
2607 2084 2368 2073
2608 2084 2368 2073
2609 2084 2368 2073
2610 2381 2385 2370
2611 2381 2385 2370
2612 2381 2268 2385
2613 2381 2268 2385
2614 2381 2385 2370
2615 2381 2385 2370
2616 2084 2381 2368
2617 2084 2381 2368
2618 2084 2381 2368
2619 2084 2381 2368
2620 2084 2368 2073
2621 2084 2368 2073
2622 2084 2368 2073
2623 2084 2368 2073
2624 2084 2368 2073
2625 2084 2368 2073
2626 2084 2368 2073
2627 2084 2368 2073
2628 2084 2368 2073
2629 2084 2368 2073
2630 2084 2368 2073
2631 2084 2368 2073
2632 2084 2368 2073
2633 2084 2368 2073
2634 2084 2368 2073
2635 2084 2368 2073
2636 2084 2368 2073
2637 2084 2368 2073
2638 2084 2368 2073
2639 2084 2381 2368
2640 2084 2381 2368
2641 2385 2389 2342
2642 2385 2389 2342
2643 2385 2389 2342
2644 2381 2268 2385
2645 2381 2385 2370
2646 2084 2381 2368
2647 2084 2381 2368
2648 2368 2279 2073
2649 2368 2279 2073
2650 2370 2368 2381
2651 2370 2368 2381
2652 2370 2368 2381
2653 2370 2368 2381
2654 2370 2368 2381
2655 2370 2368 2381
2656 2342 2370 2385
2657 2342 2370 2385
2658 2342 2370 2385
2659 2342 2370 2385
2660 2342 2370 2385
2661 2334 2342 2389
2662 2334 2342 2389
2663 2342 2370 2385
2664 2334 2342 2389
2665 2334 2342 2389
2666 2334 2342 2389
2667 2334 2342 2389
2668 2342 2370 2385
2669 2334 2342 2389
2670 2342 2370 2385
2671 2334 2342 2389
2672 2334 2342 2389
2673 2334 2342 2389
2674 2342 2370 2385
2675 2334 2342 2389
2676 2342 2370 2385
2677 2334 2342 2389
2678 2334 2342 2389
2679 2334 2342 2389
2680 2342 2370 2385
2681 2334 2342 2389
2682 2342 2370 2385
2683 2334 2342 2389
2684 2334 2342 2389
2685 2334 2342 2389
2686 2342 2370 2385
2687 2334 2342 2389
2688 2342 2370 2385
2689 2334 2342 2389
2690 2334 2342 2389
2691 2334 2342 2389
2692 2370 2368 2381
2693 2334 2342 2389
2694 2370 2368 2381
2695 2334 2342 2389
2696 2334 2342 2389
2697 2334 2342 2389
2698 2342 2370 2385
2699 2370 2368 2381
2700 2370 2368 2381
2701 2370 2368 2381
2702 2370 2368 2381
2703 2370 2368 2381
2704 2370 2368 2381
2705 2370 2368 2381
2706 2370 2368 2381
2707 2370 2368 2381
2708 2370 2368 2381
2709 2370 2368 2381
2710 2342 2370 2385
2711 2342 2370 2385
2712 2084 2368 2073
2713 2084 2368 2073
2714 2334 2342 2389
2715 2368 2279 2073
2716 2334 2342 2389
2717 2334 2342 2389
2718 2084 2368 2073
2719 2084 2368 2073
2720 2368 2279 2073
2721 2368 2279 2073
2722 2084 2368 2073
2723 2385 2389 2342
2724 2084 2368 2073
2725 2084 2368 2073
2726 2084 2368 2073
2727 2084 2368 2073
2728 2084 2368 2073
2729 2334 2342 2389
2730 2334 2342 2389
2731 2334 2342 2389
2732 2806 2334 2397
2733 2806 2334 2397
2734 2806 2334 2397
2735 2334 2342 2389
2736 2334 2342 2389
2737 2389 2397 2334
2738 2806 2334 2397
2739 2334 2342 2389
2740 2334 2342 2389
2741 2334 2342 2389
2742 2806 2334 2397
2743 2806 2334 2397
2744 2806 2334 2397
2745 2334 2342 2389
2746 2334 2342 2389
2747 2806 2334 2397
2748 2806 2334 2397
2749 2334 2342 2389
2750 2334 2342 2389
2751 2806 2334 2397
2752 2806 2334 2397
2753 2806 2334 2397
2754 2806 2334 2397
2755 2806 2334 2397
2756 2875 2806 2394
2757 2875 2806 2394
2758 2875 2806 2394
2759 2806 2334 2397
2760 2806 2334 2397
2761 2875 2806 2394
2762 2875 2806 2394
2763 2334 2342 2389
2764 2806 2334 2397
2765 2370 2368 2381
2766 2370 2368 2381
2767 2342 2370 2385
2768 2342 2370 2385
2769 2370 2368 2381
2770 2370 2368 2381
2771 2342 2370 2385
2772 2342 2370 2385
2773 2370 2368 2381
2774 2370 2368 2381
2775 2342 2370 2385
2776 2342 2370 2385
2777 2370 2368 2381
2778 2342 2370 2385
2779 2370 2368 2381
2780 2370 2368 2381
2781 2370 2368 2381
2782 2370 2368 2381
2783 2370 2368 2381
2784 2370 2368 2381
2785 2370 2368 2381
2786 2370 2368 2381
2787 2370 2368 2381
2788 2370 2368 2381
2789 2370 2368 2381
2790 2370 2368 2381
2791 2370 2368 2381
2792 2370 2368 2381
2793 2084 2368 2073
2794 2368 2279 2073
2795 2368 2279 2073
2796 2084 2368 2073
2797 2368 2279 2073
2798 2368 2279 2073
2799 2368 2279 2073
2800 2334 2342 2389
2801 2334 2342 2389
2802 2806 2334 2397
2803 2806 2334 2397
2804 2806 2334 2397
2805 2806 2334 2397
2807 2806 2334 2397
2808 2875 2806 2394
2809 2875 2806 2394
2810 2875 2356 2806
2811 2806 2334 2397
2812 2806 2334 2397
2813 2875 2806 2394
2814 2875 2806 2394
2815 2875 2806 2394
2816 2875 2806 2394
2817 2875 2806 2394
2818 2875 2806 2394
2819 2875 2806 2394
2820 2875 2806 2394
2821 2875 2806 2394
2822 2875 2806 2394
2823 4563 2875 2400
2824 4563 2875 2400
2825 2875 2806 2394
2826 4563 2875 2400
2827 4563 2875 2400
2828 4563 2875 2400
2829 4563 2875 2400
2830 2875 2806 2394
2831 4563 2875 2400
2832 2875 2806 2394
2833 4563 2875 2400
2834 4563 2875 2400
2835 4563 2875 2400
2836 2875 2806 2394
2837 4563 2875 2400
2838 2875 2806 2394
2839 4563 2875 2400
2840 4563 2875 2400
2841 4563 2875 2400
2842 2875 2806 2394
2843 2875 2806 2394
2844 2875 2806 2394
2845 2875 2806 2394
2846 2875 2806 2394
2847 2875 2806 2394
2848 2875 2806 2394
2849 4563 2875 2400
2850 4563 2875 2400
2851 4563 2875 2400
2852 4563 2875 2400
2853 4563 2875 2400
2854 4563 2875 2400
2855 4563 2875 2400
2856 4563 2875 2400
2857 4563 2875 2400
2858 4563 2875 2400
2859 2875 2806 2394
2860 4563 2875 2400
2861 4563 2875 2400
2862 4563 2875 2400
2863 4563 2875 2400
2864 2875 2806 2394
2865 2875 2806 2394
2866 2875 2806 2394
2867 2875 2806 2394
2868 4563 2875 2400
2869 4563 2875 2400
2870 4563 2875 2400
2871 4563 2875 2400
2872 2875 2806 2394
2873 2875 2806 2394
2874 2875 2806 2394
2876 4563 2875 2400
2877 4563 2875 2400
2878 4563 2875 2400
2879 4563 2875 2400
2880 2806 2334 2397
2881 2334 2342 2389
2882 2334 2342 2389
2883 2334 2342 2389
2884 2084 2368 2073
2885 2368 2279 2073
2886 2084 2368 2073
2887 2368 2279 2073
2888 2084 2368 2073
2889 2084 2368 2073
2890 2084 2368 2073
2891 2084 2368 2073
2892 2084 2368 2073
2893 2084 2368 2073
2894 2084 2368 2073
2895 2084 2368 2073
2896 2084 2368 2073
2897 2084 2368 2073
2898 2084 2368 2073
2899 2084 2368 2073
2900 2084 2368 2073
2901 2084 2368 2073
2902 2084 2368 2073
2903 2084 2368 2073
2904 2084 2368 2073
2905 2084 2368 2073
2906 2368 2279 2073
2907 2911 2914 2919
2908 2911 2919 3156
2909 2914 2911 3190
2910 2911 2914 2919
2912 2914 2911 3190
2913 2914 2911 3190
2915 2914 3208 2918
2916 2918 1428 2919
2917 2918 2919 2914
2920 2918 2919 2914
2922 2921 2919 1428
2923 2921 2919 1428
2924 2921 2919 1428
2925 2921 1428 2967
2926 2921 1428 2967
2927 2935 2921 2954
2928 2935 3161 2921
2929 2935 3161 2921
2930 2935 2921 2954
2931 2935 3161 2921
2932 2919 2921 3161
2933 2945 2935 3030
2934 2935 2945 3110
2936 2935 2921 2954
2937 2935 2945 3110
2938 2935 3110 3161
2939 2935 3110 3161
2940 2935 3110 3161
2941 2945 2935 3030
2942 3014 3041 2945
2943 2945 2935 3030
2944 2945 2935 3030
2946 3055 3110 2945
2947 2954 3030 2935
2948 2954 3030 2935
2949 2945 2935 3030
2950 2935 2921 2954
2951 2954 3030 2935
2952 2945 3030 3014
2953 2954 2967 2346
2955 2954 2967 2346
2956 3030 2954 2976
2957 3030 2954 2976
2958 3030 2954 2976
2959 2954 2967 2346
2960 2317 2346 2967
2961 2954 2967 2346
2962 2954 2967 2346
2963 2346 2976 2954
2964 2317 2346 2967
2965 2317 2346 2967
2966 2967 2954 2921
2968 2967 2954 2921
2969 2967 2954 2921
2970 2954 2967 2346
2971 2967 2954 2921
2972 2935 2921 2954
2973 2935 2921 2954
2974 2935 2921 2954
2975 2346 2976 2954
2977 2976 2986 3030
2978 2976 2986 3030
2979 2986 2976 2993
2980 2986 2976 2993
2981 2976 2986 3030
2982 2356 2993 2976
2983 2986 2976 2993
2984 2986 2993 4168
2985 2986 2993 4168
2987 2976 2346 2356
2988 2976 2346 2356
2989 2356 2993 2976
2990 2356 2993 2976
2991 2875 4563 2356
2992 2993 2356 4563
2994 2356 2993 2976
2995 2356 2993 2976
2996 2875 2356 2806
2997 2986 2993 4168
2998 2986 2993 4168
2999 2986 2993 4168
3000 2986 2993 4168
3001 2986 2993 4168
3002 3023 2986 3028
3003 2976 2986 3030
3004 2976 2986 3030
3005 2976 2986 3030
3006 3023 3030 2986
3007 3023 3030 2986
3008 3023 3030 2986
3009 3023 2986 3028
3010 3023 2986 3028
3011 2945 3030 3014
3012 2945 3030 3014
3013 3023 3014 3030
3015 3014 3041 2945
3016 2945 3030 3014
3017 3023 3014 3030
3018 3025 3035 3014
3019 3014 3023 3025
3020 3025 3035 3014
3021 3041 3014 3035
3022 3041 3014 3035
3024 3028 3025 3023
3026 3028 3025 3023
3027 3028 4168 2186
3029 3035 3025 3447
3031 3023 3030 2986
3032 3025 3035 3014
3033 3447 3445 3035
3034 3441 3035 3445
3036 3014 3041 2945
3037 3014 3041 2945
3038 4554 2945 3041
3039 4554 2945 3041
3040 3014 3041 2945
3042 3437 4554 3456
3043 4554 2945 3041
3044 2976 2986 3030
3045 2935 2945 3110
3046 3094 3161 3110
3047 2935 2945 3110
3048 2935 2945 3110
3049 3094 3161 3110
3050 2935 3110 3161
3051 3052 3078 3091
3053 3055 3121 3052
3054 3078 3052 3121
3056 3121 3055 4554
3057 3055 3121 3052
3058 3078 3052 3121
3059 3087 4495 3091
3060 3110 3091 3094
3061 3052 3078 3091
3062 3087 3091 3078
3063 3110 3091 3094
3064 3052 3091 3055
3065 3052 3078 3091
3066 3087 3091 3078
3067 3087 3091 3078
3068 3087 4495 3091
3069 3087 3091 3078
3070 3087 3091 3078
3071 3087 4495 3091
3072 3087 4495 3091
3073 3428 4532 3078
3074 3087 3078 4532
3075 3087 3091 3078
3076 3428 4532 3078
3077 3087 3091 3078
3079 3087 3078 4532
3080 3087 4495 3091
3081 3087 4495 3091
3082 3087 3078 4532
3083 3087 4495 3091
3084 3087 4495 3091
3085 3087 3078 4532
3086 3087 3078 4532
3088 3087 3078 4532
3089 3096 3094 3091
3090 3096 3094 3091
3092 3096 3094 3091
3093 3096 3094 3091
3095 3096 3091 4495
3097 3096 3091 4495
3098 3096 3091 4495
3099 3096 4481 4470
3100 3094 3096 3178
3101 3094 3096 3178
3102 3096 3094 3091
3103 3087 4495 3091
3104 3087 4495 3091
3105 3094 3096 3178
3106 3094 3096 3178
3107 3094 3096 3178
3108 3094 3096 3178
3109 3110 3091 3094
3111 3094 3161 3110
3112 3094 3161 3110
3113 3094 3161 3110
3114 3094 3161 3110
3115 3052 3078 3091
3116 3078 3052 3121
3117 3121 3055 4554
3118 3078 3052 3121
3119 3121 3055 4554
3120 3121 3055 4554
3122 3078 3052 3121
3123 3055 3110 2945
3124 3055 3110 2945
3125 2945 4554 3055
3126 4554 2945 3041
3127 3078 3052 3121
3128 3078 3121 3428
3129 3431 3428 3121
3130 3078 3121 3428
3131 3431 3428 3121
3132 3431 3428 3121
3133 3431 3121 3437
3134 3431 3428 3121
3135 3431 3428 3121
3136 3431 3428 3121
3137 4554 3437 3121
3138 3431 3121 3437
3139 4554 3437 3121
3140 3431 3121 3437
3141 3094 3161 3110
3142 3094 3161 3110
3143 2935 3110 3161
3144 2935 3110 3161
3145 2935 3161 2921
3146 2935 3161 2921
3147 2919 2921 3161
3148 3161 3156 2919
3149 3161 3156 2919
3150 3161 3156 2919
3151 2911 2919 3156
3152 3161 3156 2919
3153 3161 3156 2919
3154 2911 2919 3156
3155 3156 3178 3303
3157 3161 3156 2919
3158 3161 3094 3156
3159 3161 3156 2919
3160 3161 3094 3156
3162 3161 3094 3156
3163 3161 3094 3156
3164 3161 3094 3156
3165 3161 3094 3156
3166 3094 3161 3110
3167 3178 3156 3094
3168 3178 3156 3094
3169 3178 3156 3094
3170 3178 3156 3094
3171 3161 3094 3156
3172 3178 3156 3094
3173 3178 4470 3314
3174 3161 3094 3156
3175 3161 3094 3156
3176 3314 3303 3178
3177 3314 3303 3178
3179 3178 3156 3094
3180 3156 3178 3303
3181 3156 3178 3303
3182 3178 4470 3314
3183 3178 4470 3314
3184 3178 4470 3314
3185 3178 4470 3314
3186 3094 3161 3110
3187 3190 3192 2914
3188 3190 3192 2914
3189 3193 2914 3192
3191 3190 3195 3192
3194 3193 2914 3192
3196 3220 1722 3190
3197 3210 3192 3195
3199 3210 1893 3192
3201 3200 3198 4542
3202 3200 3198 4542
3203 4542 1406 3200
3204 3208 2914 3200
3205 3193 2914 3192
3206 3208 2914 3200
3207 1343 1348 3405
3209 3193 2914 3192
3212 3220 1722 3190
3213 3220 1722 3190
3214 1348 3323 3277
3215 1348 3323 3277
3216 3220 3266 1722
3217 1348 3323 3277
3218 3323 1348 3336
3219 3220 3266 1722
3221 3323 1348 3336
3222 3220 3303 3266
3223 3266 3277 3251
3224 3220 3266 1722
3225 3220 3266 1722
3226 3220 3266 1722
3227 3220 3266 1722
3228 1722 3230 1645
3229 3220 3266 1722
3231 3230 1722 3266
3232 3230 1722 3266
3233 3230 3266 3238
3234 3230 1722 3266
3235 3230 1722 3266
3236 3230 3238 1617
3237 3230 3238 1617
3239 3230 3266 3238
3240 3238 3251 3282
3241 3282 1613 3238
3242 3230 3266 3238
3243 3230 3266 3238
3244 3238 3251 3282
3245 3238 3251 3282
3246 3220 3266 1722
3247 3251 3238 3266
3248 3220 3266 1722
3249 3251 3238 3266
3250 3251 3238 3266
3252 3251 3378 3256
3253 3251 3238 3266
3254 3256 3282 3251
3255 3256 3282 3251
3257 4443 4419 3259
3258 3256 3282 3251
3260 3251 3378 3256
3261 3251 3378 3256
3262 3365 3256 3378
3263 3365 3256 3378
3264 4443 3259 3365
3265 4443 4419 3259
3267 3378 3251 3277
3268 3266 3277 3251
3269 3378 3251 3277
3270 3266 3277 3251
3271 3266 3277 3251
3272 3266 3277 3251
3273 3266 3277 3251
3274 3220 3303 3266
3275 3277 3266 3303
3276 3277 3266 3303
3278 3220 3303 3266
3279 3220 3303 3266
3280 3303 3220 3156
3281 3220 3303 3266
3283 3282 3256 3285
3284 3259 4426 3285
3286 3259 4426 3285
3287 3285 4696 1615
3288 3285 4696 1615
3289 3256 3282 3251
3290 3259 4426 3285
3291 3259 4426 3285
3292 4443 4419 3259
3293 3256 3282 3251
3294 3282 3256 3285
3295 3323 1348 3336
3296 3220 3190 2911
3297 3314 3405 1348
3298 3323 1348 3336
3299 3303 3220 3156
3300 3314 3405 1348
3301 3303 3220 3156
3302 3303 3220 3156
3304 3303 3314 3277
3305 3156 3178 3303
3306 3314 3303 3178
3307 3303 3314 3277
3308 3303 3314 3277
3309 3303 3314 3277
3310 3303 3314 3277
3311 3303 3314 3277
3312 3314 3303 3178
3313 3314 3303 3178
3315 3303 3314 3277
3316 3303 3314 3277
3317 3277 3266 3303
3318 3277 3266 3303
3319 3378 3323 3365
3320 3303 3314 3277
3321 3378 3323 3365
3322 3327 3329 3336
3324 3378 3323 3365
3325 3327 3329 3336
3326 3327 3329 3336
3330 3327 3329 3336
3331 3327 3329 3336
3332 3327 3329 3336
3333 3327 3329 3336
3334 3327 3329 3336
3335 3327 3329 3336
3337 3327 3329 3336
3338 4328 3336 4336
3339 3327 3329 3336
3340 3328 4430 3327
3341 3327 3329 3336
3342 3327 3329 3336
3343 3327 3329 3336
3344 3178 4470 3314
3345 3405 3314 4470
3346 4359 4336 3405
3347 4328 3336 4336
3348 3327 3329 3336
3349 3327 3329 3336
3350 3303 3314 3277
3351 3329 3327 4430
3352 3329 3327 4430
3353 3329 3327 4430
3354 3329 3327 4430
3355 3329 3327 4430
3356 3329 3327 4430
3357 3329 3327 4430
3358 3329 3327 4430
3359 3329 3327 4430
3360 3329 3327 4430
3361 3303 3314 3277
3362 3378 3323 3365
3363 3378 3277 3323
3364 3329 3365 3323
3366 3365 3256 3378
3367 3365 3329 4443
3368 3365 3329 4443
3369 3365 3329 4443
3370 4443 3259 3365
3371 3365 3329 4443
3372 4443 3259 3365
3373 4443 3259 3365
3374 3329 3327 4430
3375 3365 3329 4443
3376 3365 3329 4443
3377 3365 3329 4443
3379 3303 3314 3277
3380 3314 3303 3178
3381 3178 4470 3314
3382 3178 4470 3314
3383 3405 3314 4470
3384 3405 3314 4470
3385 3405 3314 4470
3386 4359 4336 3405
3387 4359 4336 3405
3388 4359 4336 3405
3389 3405 4470 4359
3390 3405 4470 4359
3391 4359 4336 3405
3392 4359 4336 3405
3393 4359 4336 3405
3394 4359 4336 3405
3395 3404 4359 4470
3396 4359 4336 3405
3397 4359 4336 3405
3398 4359 4336 3405
3399 3405 4470 4359
3400 3404 4359 4470
3401 3405 4470 4359
3402 3404 4359 4470
3403 3404 4359 4470
3406 3405 4470 4359
3407 3405 3314 4470
3408 3405 4470 4359
3409 3178 4470 3314
3410 3405 3314 4470
3411 3405 3314 4470
3412 3314 3303 3178
3413 3314 3303 3178
3414 3314 3303 3178
3415 3156 3178 3303
3416 2911 3156 3220
3417 2911 3156 3220
3418 3314 3405 1348
3419 3220 3190 2911
3420 1408 2918 3208
3421 3428 4532 3078
3422 3087 3078 4532
3423 3431 3428 3121
3424 3431 3428 3121
3425 3428 4532 3078
3426 3078 3121 3428
3427 3431 3428 3121
3429 3428 4532 3078
3430 3431 3121 3437
3432 3431 3121 3437
3433 3437 4554 3456
3434 3437 4554 3456
3435 3437 4554 3456
3436 3437 4554 3456
3438 3431 3121 3437
3439 3441 3035 3445
3440 3441 3035 3445
3442 3441 3035 3445
3443 3035 3441 3041
3444 3035 3441 3041
3446 2188 3447 3025
3448 3445 3447 2167
3449 3447 3445 3035
3450 3447 3445 3035
3451 3447 3445 3035
3452 3035 3441 3041
3453 3035 3441 3041
3454 3041 3014 3035
3455 3041 3014 3035
3457 483 2052 1066
3458 1359 671 2266
3459 677 2264 670
3460 2264 677 2259
3461 2264 677 2259
3462 1024 744 724
3463 441 3677 447
3464 447 3682 547
3465 447 3682 547
3466 447 3682 547
3467 447 3682 547
3468 501 3969 478
3469 3611 547 3682
3470 501 3969 478
3471 3611 547 3682
3472 501 3969 478
3473 3611 547 3682
3474 447 3682 547
3475 447 3682 547
3476 501 3969 478
3477 3611 547 3682
3478 501 3969 478
3479 3611 547 3682
3480 447 3682 547
3481 447 3682 547
3482 501 3969 478
3483 3611 547 3682
3484 3611 547 3682
3485 3611 547 3682
3486 3611 547 3682
3487 3611 547 3682
3488 3611 547 3682
3489 3611 547 3682
3490 3611 547 3682
3491 3611 547 3682
3492 3611 547 3682
3493 3611 547 3682
3494 3611 547 3682
3495 3611 547 3682
3496 3682 447 3677
3497 3611 547 3682
3498 3611 547 3682
3499 3682 447 3677
3500 3611 547 3682
3501 3682 447 3677
3502 3682 447 3677
3503 3682 447 3677
3504 3682 447 3677
3505 3682 447 3677
3506 3682 447 3677
3507 3682 447 3677
3508 3677 441 1191
3509 3677 441 1191
3510 3677 441 1191
3511 3677 441 1191
3512 3677 441 1191
3513 3677 441 1191
3514 1191 435 1024
3515 3677 441 1191
3516 3677 441 1191
3517 1191 435 1024
3518 3677 441 1191
3519 1191 435 1024
3520 1191 435 1024
3521 1191 435 1024
3522 1191 435 1024
3523 1191 435 1024
3524 3677 441 1191
3525 3677 441 1191
3526 1191 435 1024
3527 3677 441 1191
3528 3677 441 1191
3529 1191 435 1024
3530 1191 435 1024
3531 3677 441 1191
3532 1191 435 1024
3533 3677 441 1191
3534 3677 441 1191
3535 3677 441 1191
3536 1191 435 1024
3537 3677 441 1191
3538 3682 447 3677
3539 3682 447 3677
3540 3677 441 1191
3541 3677 441 1191
3542 3677 441 1191
3543 3682 447 3677
3544 3682 447 3677
3545 3682 447 3677
3546 3682 447 3677
3547 3682 447 3677
3548 3682 447 3677
3549 3682 447 3677
3550 3682 447 3677
3551 3682 447 3677
3552 3682 447 3677
3553 3682 447 3677
3554 3682 447 3677
3555 3677 441 1191
3556 3677 441 1191
3557 3677 441 1191
3558 3677 441 1191
3559 3682 447 3677
3560 3682 447 3677
3561 3682 447 3677
3562 3682 447 3677
3563 3611 547 3682
3564 3611 547 3682
3565 3611 547 3682
3566 3611 547 3682
3567 3611 547 3682
3568 3611 547 3682
3569 3611 547 3682
3570 3611 547 3682
3571 3682 447 3677
3572 3682 447 3677
3573 3682 447 3677
3574 3682 447 3677
3575 3682 447 3677
3576 3682 447 3677
3577 3682 447 3677
3578 3682 447 3677
3579 3682 447 3677
3580 3611 547 3682
3581 3611 547 3682
3582 3611 547 3682
3583 3611 547 3682
3584 3611 547 3682
3585 3611 547 3682
3586 3611 547 3682
3587 3611 547 3682
3588 3611 547 3682
3589 3611 547 3682
3590 3611 547 3682
3591 3611 547 3682
3592 3611 547 3682
3593 3611 547 3682
3594 3611 547 3682
3595 3611 547 3682
3596 3611 547 3682
3597 3611 547 3682
3598 3611 547 3682
3599 3611 547 3682
3600 3611 547 3682
3601 3611 547 3682
3602 3611 547 3682
3603 3611 547 3682
3604 3611 547 3682
3605 3611 547 3682
3606 3611 547 3682
3607 3611 547 3682
3608 3611 547 3682
3609 3611 547 3682
3610 3611 547 3682
3612 3611 547 3682
3613 3611 547 3682
3614 3611 547 3682
3615 3611 547 3682
3616 3611 547 3682
3617 3611 547 3682
3618 3611 547 3682
3619 3611 547 3682
3620 3611 547 3682
3621 3611 547 3682
3622 3611 547 3682
3623 3611 547 3682
3624 3611 547 3682
3625 3611 547 3682
3626 3611 547 3682
3627 501 3969 478
3628 447 3682 547
3629 447 3682 547
3630 447 3682 547
3631 447 3682 547
3632 447 3682 547
3633 447 3682 547
3634 447 3682 547
3635 447 3682 547
3636 447 3682 547
3637 447 3682 547
3638 447 3682 547
3639 447 3682 547
3640 447 3682 547
3641 447 3682 547
3642 447 3682 547
3643 447 3682 547
3644 447 3682 547
3645 447 3682 547
3646 447 3682 547
3647 447 3682 547
3648 447 3682 547
3649 447 3682 547
3650 447 3682 547
3651 447 3682 547
3652 447 3682 547
3653 441 3677 447
3654 441 3677 447
3655 447 3682 547
3656 441 3677 447
3657 501 3969 478
3658 501 3969 478
3659 501 3969 478
3660 447 3682 547
3661 447 3682 547
3662 447 3682 547
3663 1191 435 1024
3664 1191 435 1024
3665 1191 435 1024
3666 1191 435 1024
3667 1191 435 1024
3668 1191 435 1024
3669 3677 441 1191
3670 3677 441 1191
3671 3677 441 1191
3672 3677 441 1191
3673 2067 1149 1172
3674 1198 3677 1183
3675 1198 1156 3677
3676 1198 1156 3677
3678 3677 441 1191
3679 3682 447 3677
3680 3682 3677 1156
3681 3682 447 3677
3683 3682 447 3677
3684 3611 547 3682
3685 3611 547 3682
3686 3682 1156 3611
3687 3682 3677 1156
3688 3611 547 3682
3689 3682 3677 1156
3690 1191 435 1024
3691 1191 435 1024
3692 3677 441 1191
3693 1191 435 1024
3694 3677 441 1191
3695 3677 441 1191
3696 3677 441 1191
3697 1191 435 1024
3698 3677 441 1191
3699 1290 3947 3883
3700 1290 3947 3883
3701 3903 3883 3947
3702 3903 3883 3947
3703 3903 3883 3947
3704 1290 3947 3883
3705 1290 3947 3883
3706 3903 3883 3947
3707 1290 3947 3883
3708 1290 3947 3883
3709 3883 3903 3723
3710 3883 3903 3723
3711 1290 3947 3883
3712 3883 3903 3723
3713 3723 3851 3883
3714 3723 3851 3883
3715 3723 3851 3883
3716 3723 3851 3883
3717 3723 3851 3883
3718 3891 3842 3723
3719 3883 3903 3723
3720 3891 3842 3723
3721 3851 3723 3735
3722 3851 3723 3735
3724 3851 3723 3735
3725 3891 3842 3723
3726 3740 3723 3842
3727 3851 3723 3735
3728 3851 3735 1990
3729 3851 3723 3735
3730 3851 3723 3735
3731 3851 3735 1990
3732 3851 3735 1990
3733 3851 1990 3861
3734 3851 3723 3735
3736 3851 3723 3735
3737 3740 3735 3723
3738 3735 3740 3751
3739 3740 3735 3723
3741 3842 3774 3740
3743 3794 3735 3810
3744 3735 3740 3751
3745 3735 3740 3751
3746 3742 3780 3751
3747 3742 3751 3740
3748 3742 3780 3751
3749 3742 3780 3751
3750 3751 3784 3810
3752 3742 3780 3751
3753 3751 3810 3735
3754 3751 3810 3735
3755 3780 3742 3759
3756 3780 3742 3759
3757 3780 3742 3759
3758 3780 3742 3759
3760 3780 3742 3759
3761 3751 3784 3810
3762 3751 3784 3810
3763 3774 4580 3759
3764 3774 4580 3759
3765 3774 4580 3759
3766 3774 4580 3759
3767 3774 4580 3759
3768 3774 4580 3759
3769 3774 3842 4580
3770 3774 4580 3759
3771 3774 3759 3742
3772 3774 3759 3742
3773 3774 3759 3742
3775 3742 3780 3751
3776 3742 3780 3751
3777 3781 3810 3784
3778 3751 3784 3810
3779 3751 3784 3810
3782 3781 3810 3784
3783 3781 3810 3784
3785 3780 4019 3784
3786 3780 4019 3784
3787 4023 4019 3759
3788 3780 4019 3784
3789 4023 4019 3759
3790 3780 4019 3784
3791 3794 3735 3810
3792 3794 1990 3735
3793 3794 3735 3810
3795 3794 1990 3735
3796 3794 1990 3735
3797 3810 3804 3794
3798 3794 3735 3810
3799 3810 3804 3794
3800 3810 3804 3794
3801 3810 3781 3804
3802 4073 3794 3804
3803 4073 3794 3804
3805 4073 3794 3804
3806 4073 3794 3804
3807 3810 3804 3794
3808 3810 3781 3804
3809 3810 3781 3804
3811 4073 3794 3804
3812 3794 4073 1990
3813 3794 4073 1990
3814 3794 4073 1990
3815 3794 4073 1990
3816 3794 4073 1990
3817 3794 1990 3735
3818 3851 3735 1990
3819 3851 3735 1990
3820 3851 3735 1990
3821 3851 3735 1990
3822 3742 3740 3774
3823 3774 3759 3742
3824 3742 3751 3740
3825 3742 3740 3774
3826 3842 3774 3740
3827 3842 3774 3740
3828 3842 3774 3740
3829 3842 3774 3740
3830 3935 3938 4589
3831 4586 4589 3938
3832 3842 3774 3740
3833 3842 3891 4589
3834 3774 3842 4580
3835 3774 3842 4580
3836 3935 4589 3891
3837 3935 4589 3891
3838 3842 3891 4589
3839 3842 3891 4589
3840 3740 3723 3842
3841 3842 3891 4589
3843 3740 3723 3842
3844 3740 3723 3842
3845 3774 3842 4580
3846 3774 3842 4580
3847 3851 3723 3735
3848 3851 1990 3861
3849 3851 1990 3861
3850 3851 3723 3735
3852 1250 3883 3851
3853 3723 3851 3883
3854 3851 1990 3861
3855 3851 1990 3861
3856 3851 3861 1250
3857 1250 3883 3851
3858 3851 3861 1250
3859 3851 3861 1250
3860 3851 3861 1250
3862 3872 1250 3861
3863 3872 1250 3861
3864 3872 1250 3861
3865 1250 3883 3851
3866 2010 3861 2017
3867 3872 1250 3861
3868 3872 1250 3861
3869 1250 3883 3851
3870 1250 3872 1254
3871 1250 3872 1254
3873 1980 3861 1990
3874 1980 3861 1990
3875 1980 3861 1990
3876 1250 3883 3851
3877 1250 3883 3851
3878 1250 3883 3851
3879 1250 3883 3851
3880 3723 3851 3883
3881 1250 3883 3851
3882 3883 1250 1290
3884 3883 1250 1290
3885 3883 1250 1290
3886 1250 3883 3851
3887 1254 1290 1250
3888 3891 3723 3903
3889 3891 3842 3723
3890 3891 3842 3723
3892 3903 3904 3891
3893 3891 3723 3903
3894 3891 3723 3903
3895 3883 3903 3723
3896 3947 1559 3903
3897 3935 3904 3938
3898 3903 3904 3891
3899 3903 3904 3891
3900 3903 3904 3891
3901 3903 3904 3891
3902 3903 3904 3891
3905 3904 3903 1559
3906 1572 3938 3904
3907 1572 3938 3904
3908 3947 1559 3903
3909 1572 1573 3938
3910 1572 1573 3938
3911 3914 3916 4613
3912 3914 3916 4613
3913 3914 3916 4613
3915 3914 3916 4613
3917 3914 3916 4613
3918 3914 3916 4613
3919 3935 3904 3938
3920 3935 3904 3938
3921 3935 3904 3938
3922 3935 3904 3938
3923 3935 3904 3938
3924 3935 3904 3938
3925 3914 3916 4613
3926 3914 3916 4613
3927 3914 3916 4613
3928 3914 3916 4613
3929 3935 3904 3938
3930 3935 3904 3938
3931 3935 3891 3904
3932 3903 3904 3891
3933 3935 3891 3904
3934 3842 3891 4589
3936 3935 3891 3904
3937 3935 3904 3938
3939 3947 1559 3903
3940 3947 1559 3903
3941 3903 3883 3947
3942 3947 1559 3903
3943 3903 3883 3947
3944 3903 3883 3947
3945 3903 3883 3947
3946 3947 1559 3903
3948 3947 1290 1597
3949 3947 1290 1597
3950 3883 3903 3723
3951 3935 4589 3891
3952 3842 3891 4589
3953 1597 1266 1279
3954 1597 1266 1279
3955 1266 1597 1290
3956 3883 1250 1290
3957 3883 1250 1290
3958 1254 1290 1250
3959 478 1149 491
3960 478 1149 491
3961 501 3969 478
3962 1149 478 3969
3963 501 3969 478
3964 501 3969 478
3965 1149 478 3969
3966 1149 478 3969
3967 1149 478 3969
3968 501 3969 478
3970 3969 3611 1156
3971 3969 3611 1156
3972 3969 3611 1156
3973 3969 3611 1156
3974 3969 3611 1156
3975 3969 3611 1156
3976 501 3969 478
3977 1149 478 3969
3978 4037 4033 3980
3979 3985 3980 4033
3981 4037 4033 3980
3982 3985 3980 4033
3983 4033 4032 3985
3984 3985 3980 4033
3986 3985 3980 4033
3987 3992 3985 4032
3988 3992 3985 4032
3989 4019 3991 4032
3990 3992 3985 4032
3994 3993 4756 3991
3995 4019 4023 3991
3996 3993 3991 4023
3997 4019 4023 3991
3998 4019 4023 3991
3999 4756 3993 4693
4000 4756 3993 4693
4001 4756 3993 4693
4002 4756 3993 4693
4003 4058 3991 4756
4004 3993 4756 3991
4005 3993 3991 4023
4006 4023 4675 3993
4007 4023 4675 3993
4008 4023 4675 3993
4009 3993 3991 4023
4010 4023 4675 3993
4011 3993 4756 3991
4012 4058 3991 4756
4013 4058 4059 3991
4014 3993 4756 3991
4015 4023 4019 3759
4016 4019 4023 3991
4017 4019 4023 3991
4018 4019 4023 3991
4020 4032 3784 4019
4021 4023 3759 4675
4022 4023 4675 3993
4024 4023 3759 4675
4025 4023 3759 4675
4026 4023 3759 4675
4027 4023 3759 4675
4028 4023 3759 4675
4029 4023 4019 3759
4030 4023 4019 3759
4031 3784 4032 3781
4034 4033 3781 4032
4035 4032 3784 4019
4036 4037 4033 3980
4038 4037 4064 4033
4039 3781 4033 4064
4040 3781 4033 4064
4041 3784 4032 3781
4042 3781 4033 4064
4043 3781 4033 4064
4044 3781 4033 4064
4045 4064 3804 3781
4046 4050 3985 4059
4047 3985 4050 3980
4048 3992 4059 3985
4049 3992 4059 3985
4051 4056 3980 4050
4052 4056 3980 4050
4053 4050 4059 4770
4054 4056 4050 4067
4055 4056 4050 4067
4057 4056 3980 4050
4060 4756 4763 4058
4061 4059 4058 4768
4062 3985 4050 3980
4063 3985 4050 3980
4065 4056 4050 4067
4066 4770 4067 4050
4069 4067 4770 4068
4070 4067 4770 4068
4071 4519 4068 4770
4072 4519 4068 4770
4074 1968 1990 4073
4075 1968 1990 4073
4076 1968 1990 4073
4077 1968 1990 4073
4078 1968 1990 4073
4079 4082 1736 1686
4080 4082 1736 1686
4081 4082 1736 1686
4083 1686 4140 4082
4084 4082 1736 1686
4085 1686 4140 4082
4086 4082 1736 1686
4087 4082 1736 1686
4088 4082 1736 1686
4089 1686 4140 4082
4090 4082 1736 1686
4091 1686 4140 4082
4092 4082 1736 1686
4093 4082 1736 1686
4094 4082 1736 1686
4095 3211 4082 4140
4096 4082 1736 1686
4097 4082 1736 1686
4098 1686 1677 1692
4099 1677 1686 1736
4100 1686 1677 1692
4101 1874 4140 1692
4102 1874 4140 1692
4103 3211 4082 4140
4104 1874 4140 1692
4105 1874 4140 1692
4106 4140 1874 1905
4107 3211 4082 4140
4108 3211 4082 4140
4109 4140 1874 1905
4110 1874 4140 1692
4111 1874 4140 1692
4112 3211 4082 4140
4113 3211 4082 4140
4114 3211 4082 4140
4115 3211 4082 4140
4116 1734 1729 3211
4117 1734 1729 3211
4118 3211 1893 1734
4119 3211 1893 1734
4120 1734 1729 3211
4121 3211 1893 1734
4122 1734 1729 3211
4123 1734 1729 3211
4124 1734 1729 3211
4125 1734 1729 3211
4126 1734 1729 3211
4127 1734 1729 3211
4128 1734 1729 3211
4129 3211 1893 1734
4130 1734 1729 3211
4131 1734 1729 3211
4132 3211 1893 1734
4133 3211 1893 1734
4134 3211 4082 4140
4135 3211 4082 4140
4136 3211 4082 4140
4137 3211 4082 4140
4138 3211 4082 4140
4139 3211 1893 1734
4141 1692 1865 1874
4142 1692 1865 1874
4143 1686 1692 4140
4144 1686 1692 4140
4145 1686 1677 1692
4146 1686 1677 1692
4147 1686 1677 1692
4148 1686 1677 1692
4149 1686 1677 1692
4150 1686 1677 1692
4151 1677 1686 1736
4152 1677 1686 1736
4153 1686 1677 1692
4154 1686 1677 1692
4155 1677 1686 1736
4156 2437 4168 2993
4157 2437 4168 2993
4158 2437 4168 2993
4159 2453 4186 2437
4160 2437 4168 2993
4161 2437 4168 2993
4162 2437 4168 2993
4163 4168 3028 2986
4164 4168 3028 2986
4165 4168 2437 4186
4166 4168 3028 2986
4167 4168 3028 2986
4169 4186 2186 4168
4170 3028 4168 2186
4171 4168 2437 4186
4172 4168 2437 4186
4173 4186 2186 4168
4174 3028 4168 2186
4175 4186 2186 4168
4176 2186 2188 3028
4177 4168 2437 4186
4178 2453 4186 2437
4179 4186 2186 4168
4180 2188 3447 3025
4181 2188 3447 3025
4182 3025 3028 2188
4183 4168 2437 4186
4184 4168 2437 4186
4185 2453 4186 2437
4187 4186 2453 4193
4188 4186 2453 4193
4189 2181 2184 2188
4190 2453 4186 2437
4191 2505 4193 2453
4192 4193 2505 2144
4194 4193 2505 2144
4195 4168 2437 4186
4196 2084 2381 2368
4197 2084 2381 2368
4198 2084 2368 2073
4199 2084 2368 2073
4200 2084 2368 2073
4201 2084 2368 2073
4202 2084 2368 2073
4203 2084 2368 2073
4204 2084 2368 2073
4205 2084 2381 2368
4206 2084 2381 2368
4207 2400 2453 2412
4208 2400 2453 2412
4209 2400 2453 2412
4210 2400 2453 2412
4211 2400 2453 2412
4212 2400 2453 2412
4213 2400 2453 2412
4214 2400 2453 2412
4215 2400 2453 2412
4216 2400 2453 2412
4217 2437 2412 2453
4218 2437 2412 2453
4219 2400 2394 2453
4220 2400 2394 2453
4221 2437 2993 2412
4222 2437 2993 2412
4223 2437 2412 2453
4224 2437 2412 2453
4225 2437 2993 2412
4226 2437 2412 2453
4227 2437 2412 2453
4228 2437 2412 2453
4229 2437 2993 2412
4230 2437 2993 2412
4231 2437 2412 2453
4232 2437 2412 2453
4233 2437 2412 2453
4234 2437 2412 2453
4235 2437 2993 2412
4236 2437 2993 2412
4237 2437 2993 2412
4238 2437 2993 2412
4239 2437 2993 2412
4240 2437 2993 2412
4241 2437 2993 2412
4242 2437 2993 2412
4243 2437 2412 2453
4244 2437 2412 2453
4245 2437 2412 2453
4246 2437 2412 2453
4247 2437 2412 2453
4248 2437 2412 2453
4249 2400 2453 2412
4250 2400 2453 2412
4251 2400 2453 2412
4252 2400 2453 2412
4253 2400 2453 2412
4254 2400 2453 2412
4255 2400 2453 2412
4256 4563 2875 2400
4257 4563 2875 2400
4258 2437 2993 2412
4259 2437 2993 2412
4260 4563 2875 2400
4261 4563 2875 2400
4262 4563 2875 2400
4263 4563 2875 2400
4264 4563 2875 2400
4265 2437 2993 2412
4266 4563 2875 2400
4267 2437 2993 2412
4268 4563 2875 2400
4269 2437 2993 2412
4270 2437 2993 2412
4271 2437 2993 2412
4272 2437 2993 2412
4273 2437 2993 2412
4274 4563 2875 2400
4275 2875 2806 2394
4276 2437 2412 2453
4277 2400 2394 2453
4278 2394 2400 2875
4279 2394 2400 2875
4280 2397 2394 2806
4281 2397 2394 2806
4282 2875 2806 2394
4283 2394 2400 2875
4284 2397 2394 2806
4285 2397 2394 2806
4286 2397 2394 2806
4287 2397 2394 2806
4288 2389 2397 2334
4289 2397 2394 2806
4290 2806 2334 2397
4291 2875 2806 2394
4292 2875 2806 2394
4293 2806 2334 2397
4294 2875 2806 2394
4295 2875 2806 2394
4296 2875 2806 2394
4297 2875 2806 2394
4298 2875 2806 2394
4299 2806 2334 2397
4300 2806 2334 2397
4301 2397 2394 2806
4302 4563 2875 2400
4303 4563 2875 2400
4304 4563 2875 2400
4305 2084 2381 2368
4306 2368 2279 2073
4307 2385 2389 2342
4308 3329 3327 4430
4309 3329 3327 4430
4310 4495 3087 1511
4311 3329 3327 4430
4312 3328 4430 3327
4313 3328 4430 3327
4314 3328 4430 3327
4315 3328 4430 3327
4316 1511 4526 4495
4317 4495 3087 1511
4318 3328 4430 3327
4319 3328 4430 3327
4320 3328 4430 3327
4321 3328 4430 3327
4322 1511 4526 4495
4323 1511 4526 4495
4324 4328 3336 4336
4325 4328 3336 4336
4326 4329 3327 4328
4327 4329 3327 4328
4331 3328 4430 3327
4332 4328 3336 4336
4333 4328 3336 4336
4334 4328 3336 4336
4335 4359 3404 4354
4337 4336 4359 4391
4338 4336 4391 4328
4339 4354 4391 4359
4340 4354 4391 4359
4341 4336 4359 4391
4342 4336 4391 4328
4343 4328 4392 4329
4344 4328 4392 4329
4345 4330 4329 4419
4346 4430 4330 4443
4347 4392 4328 4391
4348 4396 4329 4392
4349 4392 4328 4391
4350 4396 4329 4392
4351 4396 4419 4329
4352 4396 4419 4329
4353 4392 4328 4391
4355 4354 4763 4391
4356 4392 4328 4391
4357 4359 3404 4354
4358 4359 3404 4354
4360 4380 4354 3404
4361 4380 4354 3404
4362 4354 4391 4359
4363 4481 4781 3404
4364 4380 3404 4781
4365 4481 4781 3404
4366 4481 4781 3404
4367 4380 3404 4781
4368 4380 3404 4781
4369 4481 4781 3404
4370 4359 3404 4354
4371 4481 4781 3404
4372 4359 3404 4354
4373 4354 4391 4359
4374 4380 4354 3404
4375 4354 4380 4763
4376 4354 4380 4763
4377 4380 3404 4781
4378 4380 4781 4765
4379 4380 4781 4765
4381 4354 4380 4763
4382 4354 4763 4391
4383 4354 4380 4763
4384 4765 4763 4380
4385 4765 4763 4380
4386 4354 4763 4391
4387 4380 4781 4765
4388 4380 4781 4765
4389 4380 4781 4765
4390 4765 4763 4380
4393 4401 4402 4391
4394 4392 4391 4402
4395 4396 4403 4419
4397 4354 4763 4391
4398 4401 4391 4763
4399 4401 4402 4391
4400 4402 4403 4392
4404 4402 4403 4392
4405 4401 4763 4693
4406 4403 4402 4695
4407 4402 4401 4684
4408 4402 4401 4684
4409 4695 4696 4403
4410 4403 4402 4695
4411 4401 4391 4763
4412 4401 4763 4693
4413 4401 4391 4763
4414 4401 4763 4693
4415 4756 4693 4763
4416 4401 4763 4693
4417 4401 4391 4763
4418 4401 4391 4763
4420 4419 4443 4330
4421 3256 3365 3259
4422 3256 3365 3259
4423 3256 3365 3259
4424 4419 4443 4330
4425 4426 3259 4419
4427 4426 3259 4419
4428 4426 3259 4419
4429 4430 4330 4443
4431 4430 4330 4443
4432 4430 4330 4443
4433 4430 4330 4443
4434 4430 4330 4443
4435 3328 4430 3327
4436 3328 4430 3327
4437 4430 4330 4443
4438 1511 4526 4495
4439 1511 4526 4495
4440 4430 4330 4443
4441 4430 4330 4443
4442 4419 4443 4330
4444 4328 3336 4336
4445 4328 3336 4336
4446 4328 3336 4336
4447 4328 3336 4336
4448 4329 3327 4328
4449 4329 3327 4328
4450 4328 3336 4336
4451 4328 3336 4336
4452 4329 3327 4328
4453 1511 4526 4495
4454 4495 3087 1511
4455 4495 3087 1511
4456 1511 4526 4495
4457 4495 3087 1511
4458 4495 3087 1511
4459 3329 3327 4430
4460 3329 3327 4430
4461 3329 3327 4430
4462 4443 4419 3259
4463 1613 3282 1615
4464 4470 3178 3096
4465 4470 3178 3096
4466 3405 3314 4470
4467 3094 3096 3178
4468 3096 4481 4470
4469 4470 3178 3096
4471 3096 4481 4470
4472 4470 3178 3096
4473 3096 4481 4470
4474 3404 4470 4481
4475 3404 4470 4481
4476 3096 4481 4470
4477 3404 4470 4481
4478 4481 4781 3404
4479 4481 4781 3404
4480 3404 4470 4481
4482 4486 4519 4481
4483 4486 4519 4481
4484 4486 4519 4481
4485 4486 4481 4495
4487 4486 4519 4481
4488 4486 4519 4481
4489 4781 4481 4519
4490 4486 4481 4495
4491 4486 4481 4495
4492 4486 4495 4526
4493 3096 4495 4481
4494 3096 4495 4481
4496 4486 4495 4526
4497 4486 4495 4526
4498 3096 4481 4470
4499 4486 4481 4495
4500 3096 4481 4470
4501 3096 3091 4495
4502 3096 4481 4470
4503 3087 4495 3091
4504 4486 4495 4526
4505 3087 4495 3091
4506 4486 4495 4526
4507 4486 4495 4526
4508 4486 4495 4526
4509 4486 4495 4526
4510 4486 4495 4526
4511 4486 4495 4526
4512 4486 4495 4526
4513 4486 4495 4526
4514 4486 4495 4526
4515 4486 4495 4526
4516 4781 4519 4768
4517 4781 4481 4519
4518 4486 4519 4481
4520 4519 4486 4068
4521 4519 4486 4068
4522 4526 4068 4486
4523 4526 4068 4486
4524 4526 4068 4486
4525 4526 4068 4486
4527 4526 4068 4486
4528 4486 4495 4526
4529 4486 4495 4526
4530 3087 3078 4532
4531 4486 4495 4526
4533 3087 3078 4532
4534 3087 3078 4532
4535 3087 4495 3091
4536 3087 4495 3091
4537 3096 4481 4470
4538 4781 4481 4519
4539 4481 4781 3404
4540 3404 4470 4481
4541 3094 3096 3178
4543 1397 4542 1902
4544 1902 1457 1397
4545 3041 3456 4554
4546 3041 3456 4554
4547 3437 4554 3456
4548 2328 2806 2356
4549 2875 2356 2806
4550 2875 2356 2806
4551 2875 4563 2356
4552 2993 2356 4563
4553 4563 2875 2400
4555 4554 3437 3121
4556 3437 4554 3456
4557 4554 3437 3121
4558 3041 3456 4554
4559 3431 3121 3437
4560 4563 2412 2993
4561 4563 2412 2993
4562 4563 2412 2993
4564 4563 2875 2400
4565 3428 4532 3078
4566 3428 4532 3078
4567 3428 4532 3078
4568 4519 4068 4770
4569 4519 4068 4770
4570 3611 547 3682
4571 4064 3804 3781
4572 4064 3804 3781
4573 3781 3810 3784
4574 4671 3759 4580
4575 4671 3759 4580
4576 4623 4580 4586
4577 4623 4580 4586
4578 4623 4580 4586
4579 4623 4580 4586
4581 4671 3759 4580
4582 4589 4586 4580
4583 4623 4580 4586
4584 4623 4580 4586
4585 4589 4586 4580
4587 4589 4586 4580
4588 4589 4580 3842
4590 3935 3938 4589
4591 4586 4589 3938
4592 4586 4589 3938
4593 3935 3938 4589
4594 3935 3938 4589
4595 3935 3938 4589
4596 3935 3938 4589
4597 3935 4589 3891
4598 3935 3938 4589
4599 3935 3938 4589
4600 3935 3938 4589
4601 3935 3938 4589
4602 3935 3938 4589
4603 3935 3938 4589
4604 3935 3938 4589
4605 3935 3938 4589
4606 3935 3938 4589
4607 3935 3938 4589
4608 3935 3938 4589
4609 3935 3938 4589
4610 4586 4589 3938
4612 4586 4589 3938
4614 4586 4611 4623
4615 4586 4611 4623
4616 4613 4627 4611
4617 4613 4627 4611
4618 4625 4623 4611
4619 4625 4623 4611
4620 4627 4613 4635
4621 4625 4611 4627
4622 4625 4623 4611
4624 1605 3938 1573
4626 1605 3938 1573
4628 4627 4613 4635
4629 4627 4613 4635
4630 1605 3938 1573
4631 1605 3938 1573
4632 4627 4613 4635
4633 3916 1573 4635
4634 3916 1573 4635
4636 3916 4635 4613
4637 3916 4635 4613
4638 3916 4635 4613
4639 3916 4635 4613
4640 3916 4635 4613
4641 3916 1573 4635
4642 3916 4635 4613
4643 3916 4635 4613
4644 3916 4635 4613
4645 3935 3938 4589
4646 3916 4635 4613
4647 3935 3938 4589
4648 3935 3938 4589
4649 3914 3916 4613
4650 3914 3916 4613
4651 3914 3916 4613
4652 3914 3916 4613
4653 3914 3916 4613
4654 3914 3916 4613
4655 3914 3916 4613
4656 3935 3938 4589
4657 3914 3916 4613
4658 3935 3904 3938
4659 3914 3916 4613
4660 3935 3904 3938
4661 3914 3916 4613
4662 3935 3904 3938
4663 3935 3904 3938
4664 3935 3938 4589
4665 3935 3938 4589
4666 3935 4589 3891
4667 4671 3759 4580
4668 4671 3759 4580
4669 4671 4580 4737
4670 4671 3759 4580
4672 4671 4675 3759
4673 4675 4671 4735
4674 4675 4671 4735
4676 4023 4675 3993
4677 4679 4675 4682
4678 4023 4675 3993
4680 4679 4675 4682
4681 4682 4735 4686
4683 4735 4682 4675
4685 4686 4717 4725
4687 4679 4682 4693
4688 4679 4682 4693
4689 4684 4693 4682
4690 4693 4684 4401
4691 4686 4725 4695
4692 4684 4695 4402
4694 4693 4684 4401
4697 4696 3285 4426
4698 4696 4695 4725
4699 4696 4695 4725
4700 4696 4695 4725
4701 4696 3285 4426
4702 4696 4695 4725
4703 4696 4695 4725
4704 4696 3285 4426
4705 4426 4403 4696
4706 4426 4403 4696
4707 4426 3259 4419
4708 4426 4403 4696
4709 4725 4718 1615
4710 4725 4718 1615
4711 4725 1615 4696
4712 4725 1615 4696
4713 4725 4718 1615
4714 4725 4718 1615
4715 4718 4725 4717
4716 4718 4725 4717
4719 4718 4725 4717
4720 4740 4717 4737
4721 4718 4741 1609
4722 4718 4741 1609
4723 4718 4725 4717
4724 4725 4718 1615
4726 4718 4725 4717
4727 4718 4741 1609
4728 4725 1615 4696
4729 4756 3993 4693
4730 4679 4693 3993
4731 4679 3993 4675
4732 4756 3993 4693
4733 4756 3993 4693
4734 4679 3993 4675
4736 4737 4735 4671
4738 4737 4623 4740
4739 4737 4623 4740
4742 4741 4627 1594
4743 4741 4627 1594
4744 4741 4627 1594
4745 4741 4627 1594
4746 4741 4627 1594
4747 4625 4627 4740
4748 4625 4627 4740
4749 1605 3938 1573
4750 4625 4627 4740
4751 4625 4627 4740
4752 4623 4737 4580
4753 4756 4693 4763
4754 4756 4763 4058
4755 4058 3991 4756
4757 4756 4693 4763
4758 4756 4693 4763
4759 4765 4058 4763
4760 4765 4058 4763
4761 4756 4693 4763
4762 4765 4763 4380
4764 4768 4765 4781
4766 4765 4058 4763
4767 4770 4067 4050
4769 4768 4765 4781
4771 4768 4765 4781
4772 4770 4768 4519
4773 4770 4067 4050
4774 4770 4067 4050
4775 4768 4770 4059
4776 4770 4067 4050
4777 4770 4768 4519
4778 4781 4519 4768
4779 4781 4519 4768
4780 4781 4519 4768
4782 4768 4770 4059
4783 4765 4768 4058
4784 4765 4058 4763
4785 4401 4391 4763
4786 4756 4693 4763
4787 4781 4519 4768
4788 4627 4613 4635
4789 4627 4613 4635
4790 3914 3916 4613
4791 3914 3916 4613
4792 3914 3916 4613
4793 3914 3916 4613
4794 3914 3916 4613
4795 3914 3916 4613
4796 3914 1605 3916
4797 3914 1605 3916
4798 3914 1605 3916
4799 1573 1572 1588
4800 3914 1605 3916
4801 3914 3916 4613
4802 3914 1605 3916
4803 3914 1605 3916
4804 1573 3916 1605
4805 4635 1594 4627
4806 1543 1594 1588
4807 1543 1539 1607
4808 1594 1609 4741
4809 1605 3938 1573
4810 4426 3259 4419
4811 3256 3365 3259
4812 3256 3365 3259
4813 4419 4443 4330
4814 4419 4443 4330
4815 441 3677 447
4816 441 3677 447
4817 441 3677 447
4818 2806 2334 2397
