0 1617
1 1908
2 1650
3 1347
4 1448
5 1439
6 1336
7 4563
8 1359
9 2266
10 2259
11 1620
12 1613
13 1615
14 4725
15 4686
16 4682
17 4679
18 3993
19 1863
20 1686
21 2167
22 2338
23 2327
24 2328
25 2993
26 2362
27 2156
28 2150
29 2511
30 2505
31 2986
32 4768
33 2412
34 3035
35 3028
36 2919
37 3230
38 3282
39 3266
40 3277
41 3256
42 3365
43 4359
44 1888
45 1457
46 2182
47 1412
48 3198
49 3200
50 2935
51 1400
52 2191
53 2160
54 2174
55 2252
56 2268
57 3405
58 3428
59 1734
60 4082
61 1343
62 3327
63 2190
64 3192
65 2112
66 2115
67 2195
68 2159
69 2120
70 2181
71 2184
72 3238
73 3251
74 3378
75 1729
76 3336
77 4328
78 3328
79 4140
80 4443
81 3259
82 3285
83 4756
84 4693
85 4684
86 4695
87 4696
88 4419
89 4396
90 4392
91 4391
92 3303
93 3437
94 1681
95 4330
96 4329
97 1735
98 3190
99 1736
100 1428
101 2921
102 3193
103 2172
104 2164
105 2124
106 4354
107 2251
108 2255
109 2256
110 2356
111 3023
112 2279
113 4186
114 1426
115 1895
116 3014
117 3030
118 2954
119 2967
120 2307
121 2300
122 1351
123 2945
124 2186
125 1866
126 1408
127 3441
128 2223
129 2914
130 2437
131 4542
132 3431
133 2073
134 1397
135 4495
136 1511
137 4554
138 3087
139 3447
140 4770
141 1680
142 2918
143 3025
144 2806
145 2334
146 4336
147 3055
148 4056
149 4068
150 4526
151 2264
152 3980
153 2342
154 2370
155 2368
156 2188
157 2381
158 2385
159 2389
160 2397
161 2394
162 3445
163 2875
164 1645
165 3220
166 3211
167 1722
168 1353
169 4486
170 4519
171 4050
172 4532
173 2084
174 1379
175 3985
176 4067
177 3121
178 4426
179 4403
180 4402
181 4401
182 4763
183 3329
184 3323
185 1348
186 3314
187 3110
188 1373
189 2245
190 2089
191 4430
192 3091
193 1364
194 4765
195 1393
196 1345
197 1331
198 1406
199 3992
200 3991
201 4058
202 3404
203 2911
204 4380
205 3161
206 3156
207 3094
208 4059
209 3208
210 4481
211 4781
212 4470
213 3052
214 3096
215 3078
216 3178
217 1414
218 1905
219 1893
220 1902
221 2247
222 2102
223 2127
224 2144
225 4193
226 4168
227 3041
228 2976
229 2346
230 2317
231 2297
232 2291
233 2228
234 3456
235 3210
236 1385
237 1890
238 1692
239 1874
240 3195
241 1865
242 1677
243 2270
244 2232
245 2215
246 2400
247 2453
248 1435
249 3611
250 1718
251 1062
252 724
253 1183
254 1198
255 3969
256 718
257 430
258 431
259 436
260 442
261 1149
262 3784
263 261
264 2052
265 491
266 1258
267 1521
268 1607
269 1538
270 1559
271 1543
272 1588
273 3842
274 1910
275 1453
276 516
277 1084
278 1752
279 1924
280 1241
281 1447
282 1067
283 1052
284 1048
285 671
286 423
287 3891
288 1954
289 1759
290 1772
291 3935
292 1605
293 517
294 1751
295 693
296 692
297 1060
298 518
299 685
300 513
301 508
302 1529
303 1539
304 1563
305 1500
306 3938
307 4586
308 3914
309 1834
310 4635
311 1594
312 1609
313 4023
314 4675
315 4735
316 4717
317 4718
318 4627
319 4625
320 4623
321 4580
322 3947
323 1959
324 4613
325 4611
326 1673
327 1279
328 1671
329 1297
330 1207
331 1754
332 1047
333 1051
334 1056
335 3774
336 670
337 677
338 679
339 1156
340 2067
341 712
342 473
343 1078
344 1917
345 2066
346 1172
347 1175
348 1201
349 1310
350 1076
351 1327
352 1230
353 472
354 1861
355 1299
356 2051
357 1080
358 1284
359 501
360 1921
361 1949
362 741
363 1463
364 1990
365 1968
366 2041
367 1980
368 483
369 3781
370 1700
371 1295
372 2062
373 3677
374 1191
375 4589
376 2033
377 4037
378 3804
379 4073
380 1024
381 744
382 739
383 504
384 428
385 434
386 435
387 441
388 447
389 1066
390 3682
391 1597
392 1758
393 1501
394 3794
395 3810
396 4033
397 2023
398 415
399 1479
400 4064
401 2027
402 4741
403 4740
404 4737
405 4671
406 3759
407 1573
408 1572
409 3904
410 3903
411 3872
412 1324
413 646
414 701
415 3916
416 3861
417 1487
418 3780
419 1330
420 1929
421 4019
422 3740
423 1266
424 3742
425 1254
426 1290
427 1250
428 4032
429 1307
430 3735
431 3751
432 3723
433 2010
434 3851
435 2017
436 3883
437 1481
438 1912
439 1750
440 1468
441 641
442 629
443 530
444 536
445 512
446 478
447 1939
448 1139
449 1167
450 1103
451 1099
452 1095
453 1093
454 2058
455 1757
456 1476
457 1913
458 1842
459 1837
460 1495
461 1844
462 1702
463 706
464 657
465 1321
466 547
467 455